KeyID,Time,Altitude,Longitude,Latitude,Speed,NR Band,NR PCI,SS-RSRP,SS-SINR,Neighbor Cell PCI,Neighbor Cell RSRP,NR PHY Throughput DL(Mbps),NR PDCP Throughput DL(Mbps),NR MAC Throughput DL(Mbps),NR DL Grant Count,NR PDSCH BLER,NR DL Avg MCS,PRB Num DL/slot,NR DL Avg RI,NR PHY Throughput UL(Mbps),NR PDCP Throughput UL(Mbps),NR MAC Throughput UL(Mbps),NR UL Grant Count,NR PUSCH BLER,NR UL Avg MCS,PRB Num UL/slot,NR UL Avg RI,NR PUSCH Txpower,NR SRS Txpower,Ping Delay,Ping Jitter
"1",2024/3/1 13:14:43,"55","119.84845","31.71172","","79","302","-74.84","12.88","171;73","-82.58;-88.04","","","","6","0","2","2.66","3.42","","","","5","","24.2","5.6","1","1","25","",""
"2",2024/3/1 13:14:44,"25","119.84829","31.71168","","79","302","-74.69","19.22","171;73","-80.75;-88.24","0","0","0","11","0","1.5","3.37","3","0.8","0.01","0.8","16","6.66","24.9","3","1","2","25","",""
"3",2024/3/1 13:14:45,"48","119.84845","31.71176","","79","302","-78.68","19.73","171;73","-86.47;-90.19","0.14","0.16","0.12","231","0","6.84","2.81","3.5","0.23","0.13","0.22","77","4.83","24.17","6.71","1","14","25","",""
"4",2024/3/1 13:14:46,"13","119.84829","31.71165","","79","302","-77.17","14.86","171;73","-77.47;-89.09","147.7","178.65","133.25","1144","6.4","16.3","213.68","3","41.1","31.27","34.45","561","15.71","21.7","236.41","1","19","25","",""
"5",2024/3/1 13:14:47,"12","119.84829","31.71164","","79","302","-76.32","19.94","171;73","-78.11;-133.66","441.09","409.3","393.34","1402","9.84","16.47","243.39","3","101.92","75.44","87.5","600","11.35","20.09","246","1","20","25","",""
"6",2024/3/1 13:14:48,"9","119.84826","31.71164","","79","302","-76.72","22.83","171;73","-79.59;-90.55","698.91","654.86","626.5","1404","9.7","16.54","243.36","3","118.24","107.72","102.16","600","12.22","19.2","246","1","22","25","",""
"7",2024/3/1 13:14:49,"10","119.84827","31.71164","","79","302","-77.94","16.49","171;73","-79.93;-92.20","746.84","669.26","673.21","1404","7.63","16.34","243.52","3","118.22","100.69","102.57","600","14.9","19.01","246","1","22","25","",""
"8",2024/3/1 13:14:50,"10","119.84825","31.71164","35.82","79","302","-78.79","21.96","171;73","-76.39;-93.78","774.14","717.78","711.91","1402","6.06","22.72","243.28","3","116.75","100.25","101.54","600","11.39","20.03","246","1","22","25","",""
"9",2024/3/1 13:14:51,"9","119.84826","31.71163","31.45","79","302","-72.98","24.49","171;73","-77.64;-133.14","836.57","768.04","772.59","1406","8.26","25.85","242.76","3","128.26","110.91","110.29","600","15.74","23.58","246","1","19","25","",""
"10",2024/3/1 13:14:52,"9","119.84826","31.71163","27.52","79","302","-80.46","23.74","171;73","-77.26;-96.96","899.67","825.24","828.28","1406","8.73","25.99","241.24","3","123.02","107.02","105.11","600","16.58","17.46","245.81","1","22","25","",""
"11",2024/3/1 13:14:53,"10","119.84826","31.71164","24.9","79","171","-82.05","7.07","302;73","-86.34;-107.13","793.85","613.73","722.05","1395","8.75","16.57","239.27","3","125.09","107.05","106.81","600","12.75","23.47","243.96","1","19","26","",""
"12",2024/3/1 13:14:54,"10","119.84825","31.71164","22.75","79","171","-81.86","4.35","302;73","-85.19;-118.02","770.24","636.37","706.9","1406","4.98","25.86","242.51","3","127.69","108.26","111.27","600","10.51","25.08","246","1","19","20","",""
"13",2024/3/1 13:14:55,"10","119.84826","31.71164","17.4","79","171","-81.59","5.66","302;73","-84.32;-118.02","796.06","800.18","738.16","1402","6.99","24.78","245.07","3","145.52","125.23","127.98","600","13.4","23.83","246","1","19","17","",""
"14",2024/3/1 13:14:56,"11","119.84825","31.71164","11.41","79","171","-81.92","5.77","302;73","-85.33;-99.08","952.07","869.96","881.77","1408","7.89","25.28","241.77","3","151.82","131.25","132.62","600","13.73","23.07","246","1","19","18","",""
"15",2024/3/1 13:14:57,"11","119.84825","31.71164","4.43","79","171","-85.91","6","302;73","-83.48;-96.23","954.75","869.36","882.1","1406","7.69","26.38","241.9","3","140.14","118.76","121.93","600","11.5","20.06","246","1","19","23","",""
"16",2024/3/1 13:14:58,"11","119.84826","31.71164","4.33","79","171","-85.14","7.62","302;73","-83.95;-92.40","926.64","852.61","856.96","1406","5.98","25.86","242.63","3","133.59","112.29","117.05","600","11.68","21.48","246","1","19","21","",""
"17",2024/3/1 13:14:59,"11","119.84826","31.71163","3.74","79","171","-86.82","4.52","302;73","-82.45;-94.05","914.85","830.91","843.55","1404","9.05","25.34","240.34","3","126.04","110.65","110.94","600","12.35","19.91","246","1","19","22","",""
"18",2024/3/1 13:15:00,"11","119.84825","31.71164","3.57","79","302","-83.7","6.78","171;73","-88.85;-94.53","833.38","815.85","767.75","1406","8.02","19.61","240.75","2.54","120.71","105.21","105.37","600","16.21","19.08","245.11","1","22","24","",""
"19",2024/3/1 13:15:01,"11","119.84826","31.71164","3.55","79","302","-83.53","20.13","171;73","-89.69;-94.69","796.23","705.24","720.48","1400","9.8","17.38","244.4","2","109.04","93.67","94.51","600","13.13","17.52","246","1","22","25","",""
"20",2024/3/1 13:15:02,"11","119.84826","31.71164","3.36","79","302","-84.72","14.67","171;73","-89.88;-99.01","776.48","737.68","698.18","1402","8.7","18.72","243.3","2.46","94.18","77.22","80.78","600","14.23","14.24","246","1","22","25","",""
"21",2024/3/1 13:15:03,"12","119.84826","31.71164","3.03","79","302","-86.02","18.28","171;73","-89.31;-95.78","841.86","755.81","757.4","1402","9.85","18.79","242.11","2.91","92.2","78.01","79.56","600","12.73","18.05","243.09","1","23","25","",""
"22",2024/3/1 13:15:04,"12","119.84826","31.71164","2.63","79","302","-85.39","14.17","171;73","-89.03;-97.38","864.44","770.32","776.58","1404","9.7","18.4","244.8","2.07","95.17","80.05","81.54","600","14.74","18.86","243","1","23","25","",""
"23",2024/3/1 13:15:05,"12","119.84826","31.71164","2.29","79","302","-86.03","13.35","171;73","-89.79;-95.22","865.92","770.8","777.57","1404","9.4","19.11","243.24","2.25","101.46","84.2","87.27","600","13.5","17.37","243","1","23","25","",""
"24",2024/3/1 13:15:06,"12","119.84826","31.71164","1.94","79","302","-85.76","20.04","171;73","-85.55;-93.70","874.09","779.4","784.71","1404","8.7","19.28","244.1","2.23","104.18","88.73","89.59","600","12.68","18.96","243","1","22","25","",""
"25",2024/3/1 13:15:07,"12","119.84826","31.71164","1.6","79","302","-85.58","14.79","171;73","-84.71;-92.60","883.47","800.51","803.91","1406","7.97","19.44","242.38","2.66","102.52","88.54","87.66","600","16.08","18.08","243","1","23","25","",""
"26",2024/3/1 13:15:08,"12","119.84826","31.71164","1.6","79","302","-84.48","14.76","171;73","-85.80;-94.21","876.4","796.54","801.37","1404","7.63","23.5","241.72","2.69","104.09","88.03","89.22","600","13.35","18.04","243","1","23","25","",""
"27",2024/3/1 13:15:09,"12","119.84826","31.71164","1.26","79","302","-84.51","13.94","171;73","-88.47;-93.98","862.03","782.72","791.89","1404","8.77","23.95","243.7","2.5","100.35","85.1","85.11","600","14.9","17.09","243","1","23","25","",""
"28",2024/3/1 13:15:10,"12","119.84826","31.71164","0.86","79","302","-85.89","18.94","171;73","-82.62;-98.33","855.91","783.75","788.57","1406","7.25","24.78","242.13","2.23","99.79","83.9","85.19","600","14.74","18","243","1","23","25","",""
"29",2024/3/1 13:15:11,"12","119.84826","31.71164","0.34","79","302","-87.01","14.95","171;73","-82.55;-95.81","871.28","799.45","800.87","1406","7.7","25.18","244.46","2.75","97.86","81.53","81.55","600","19.66","17.11","243","1","23","25","",""
"30",2024/3/1 13:15:12,"12","119.84826","31.71164","0","79","302","-84.75","19.84","171;73","-83.52;-104.24","896.29","820.4","820.93","1404","9.27","25.21","242.87","3","100.15","82.3","83.47","600","14.62","19.23","243.02","1","23","25","",""
"31",2024/3/1 13:15:13,"12","119.84826","31.71164","0","79","302","-81.6","14.89","171;73","-82.77;-97.91","913.88","823.87","830.97","1397","9.82","24.89","244.38","3","119.46","101.43","99.96","600","15.57","25","246","1","19","25","",""
"32",2024/3/1 13:15:14,"12","119.84826","31.71164","0","79","302","-82.16","19.46","171;73","-85.64;-99.12","918.6","825.53","834","1402","7.28","25.88","241.24","3","139.86","117.19","120.22","600","12.2","25.13","246","1","19","25","",""
"33",2024/3/1 13:15:15,"12","119.84826","31.71164","0","79","302","-82.66","20.19","171;73","-87.13;-96.90","920.21","834.44","844.85","1402","7.34","25.86","243.44","3","157.53","135.04","136.68","600","12.04","24.71","246","1","19","25","",""
"34",2024/3/1 13:15:16,"12","119.84826","31.71164","0","79","302","-82.94","20.25","171;73","-85.01;-97.70","913.06","837.17","843.78","1404","7.54","25.84","241.58","3","156.72","137.25","137.81","600","11.39","24.35","246","1","19","25","",""
"35",2024/3/1 13:15:17,"12","119.84826","31.71164","0","79","302","-83.29","20.21","171;73","-86.28;-98.41","920.26","841.48","845.68","1406","7.7","26.18","241.93","3","154.04","135.47","136.52","600","10.55","24.02","246","1","19","25","",""
"36",2024/3/1 13:15:18,"12","119.84826","31.71164","0","79","302","-83.25","20.36","171;73","-86.07;-97.98","927.97","833.1","839.71","1402","11.76","26.41","242.99","3","152.1","133.63","136.33","600","8.86","23.93","246","1","19","25","",""
"37",2024/3/1 13:15:19,"12","119.84826","31.71164","0","79","302","-82.51","20.41","171;73","-85.92;-97.12","929.21","830.67","838.12","1404","9.04","26.18","240.87","3","152.96","134.32","136.37","600","12.52","24.81","246","1","19","25","",""
"38",2024/3/1 13:15:20,"12","119.84826","31.71164","0","79","302","-82.89","20.18","171;73","-85.61;-97.83","929.02","828.74","835.44","1404","8.42","26.02","244.38","3","153.77","136.77","136.55","600","11.2","24.27","246","1","19","25","",""
"39",2024/3/1 13:15:21,"12","119.84826","31.71164","0","79","302","-83.32","18.91","171;73","-86.07;-97.69","919.99","834.28","839.75","1404","8.04","25.77","243.68","3","153.78","135.36","136.92","600","8.2","23.9","246","1","19","25","",""
"40",2024/3/1 13:15:22,"12","119.84826","31.71164","0","79","302","-83.21","19.17","171;73","-84.94;-97.78","922.87","832.99","840.44","1408","8.89","25.87","242.98","3","153.81","136.78","137.48","600","11.53","24.83","246","1","19","25","",""
"41",2024/3/1 13:15:23,"12","119.84826","31.71164","0","79","302","-83.25","19.22","171;73","-84.98;-98.02","922.03","833.76","839.58","1406","8.21","26.03","243.37","3","154.41","137.44","139.24","600","8.84","24.73","246","1","19","25","",""
"42",2024/3/1 13:15:24,"12","119.84826","31.71164","0","79","302","-83.33","19.23","171;73","-85.70;-98.43","924.29","834.49","839.69","1402","8.05","25.97","243.97","3","156.37","138.35","139.95","600","10.38","24.56","246","1","19","25","",""
"43",2024/3/1 13:15:25,"12","119.84826","31.71164","0","79","302","-82.64","19.23","171;73","-84.46;-97.99","924.15","835.39","842.43","1404","8.2","26","243.45","3","157.2","140.05","141.23","600","10.05","25.2","246","1","19","25","",""
"44",2024/3/1 13:15:26,"12","119.84826","31.71164","0","79","302","-81.57","18.86","171;73","-85.95;-98.64","921.5","836.71","842.83","1408","8.3","25.94","239.95","3","157.92","141","141.24","600","9.88","25.07","246","1","19","25","",""
"45",2024/3/1 13:15:27,"12","119.84826","31.71164","0","79","302","-81.23","19.88","171;73","-86.34;-98.32","923.21","837.05","843.49","1406","8.17","26.04","243.92","3","159.08","140.34","142.32","600","10.33","25.1","246","1","19","25","",""
"46",2024/3/1 13:15:28,"12","119.84826","31.71164","0","79","302","-81.53","19.51","171;73","-85.74;-98.12","918.81","834.76","840.1","1402","8.48","25.96","240.92","3","158.49","138.99","140.96","600","11.72","24.94","246","1","19","25","",""
"47",2024/3/1 13:15:29,"12","119.84826","31.71164","0","79","302","-81.29","18.96","171;73","-83.91;-98.87","925.1","841.76","846.65","1404","7.26","26.17","243.63","3","158.93","138.98","139.8","600","12.39","25.2","246","1","19","25","",""
"48",2024/3/1 13:15:30,"12","119.84826","31.71164","0","79","302","-81.94","18.08","171;73","-84.14;-100.13","923.55","847.3","849.53","1406","7.56","26.03","244.05","3","159.07","136.17","138.03","600","13.87","25.05","246","1","19","25","",""
"49",2024/3/1 13:15:31,"12","119.84826","31.71164","0","79","302","-82.52","18.74","171;73","-86.42;-99.91","931.19","855.22","863.28","1404","5.99","25.85","245.77","3","158.31","137.42","137.22","600","12.87","24.57","246","1","19","25","",""
"50",2024/3/1 13:15:32,"12","119.84826","31.71164","0","79","302","-82.03","19.2","171;73","-84.91;-98.85","923.02","855.44","862.37","1404","5.41","25.86","242.58","3","157.1","135.47","136.34","600","11.68","24.81","246","1","19","25","",""
"51",2024/3/1 13:15:33,"12","119.84826","31.71164","0","79","302","-82.77","18.72","171;73","-85.25;-99.70","933.13","878.75","880.87","1406","4.06","22.68","243.57","3","157.01","135.38","137.46","600","11.83","25.11","246","1","19","25","",""
"52",2024/3/1 13:15:34,"12","119.84826","31.71164","0","79","302","-82.7","19.25","171;73","-84.61;-98.13","967.44","917.49","917.69","1404","6.9","22.29","242.89","3","158.21","140.01","139.53","600","10.55","25.17","246","1","19","25","",""
"53",2024/3/1 13:15:35,"13","119.84826","31.71164","0","79","302","-82.73","18.8","171;73","-85.01;-97.66","1006.22","936.97","945.73","1408","8.03","23.26","240.6","3","159.31","140.1","141.37","600","10.03","25.2","246","1","19","25","",""
"54",2024/3/1 13:15:36,"13","119.84826","31.71164","0","79","302","-82.48","18.64","171;73","-84.68;-99.13","1020.69","932.99","940.54","1408","8.34","22.64","243.24","3","159.55","141.39","142.13","600","10.72","25.2","246","1","19","25","",""
"55",2024/3/1 13:15:37,"13","119.84826","31.71164","0","79","302","-82.97","19.4","171;73","-84.80;-99.01","1026.71","936.77","940.81","1404","7.74","22.64","242.82","3","159.57","140.68","142.49","600","10.21","25.18","246","1","19","25","",""
"56",2024/3/1 13:15:38,"13","119.84826","31.71164","0","79","302","-83.09","18.84","171;73","-84.83;-99.57","1037.19","948.9","951.93","1404","8.27","22.53","241.66","3","159.59","141.43","142.32","600","10.03","25.2","246","1","19","25","",""
"57",2024/3/1 13:15:39,"13","119.84826","31.71164","0","79","302","-82.82","18.74","171;73","-85.10;-102.28","1039.18","951.34","956.39","1404","8.26","22.67","241.4","3","159.56","141.53","142.57","600","10.21","25.2","246","1","19","25","",""
"58",2024/3/1 13:15:40,"13","119.84826","31.71164","0","79","302","-82.85","18.88","171;73","-84.80;-101.39","1041.64","950.23","956.34","1406","8.41","22.56","242.3","3","159.64","141.03","142.6","600","10.55","25.2","246","1","19","25","",""
"59",2024/3/1 13:15:41,"13","119.84826","31.71164","0","79","302","-82.95","18.83","171;73","-85.09;-100.43","1046.68","952.49","959.42","1406","8.19","22.77","242.95","3","159.31","141.23","142.29","600","10.05","25.05","246","1","19","25","",""
"60",2024/3/1 13:15:42,"13","119.84826","31.71164","0","79","302","-82.78","18.37","171;73","-85.25;-99.98","1051.35","952.3","962.64","1402","8.5","22.83","242","3","158.44","139.67","141.18","600","11.05","24.82","246","1","19","25","",""
"61",2024/3/1 13:15:43,"13","119.84826","31.71164","0","79","302","-82.78","19.08","171;73","-85.31;-100.20","1052.61","954.12","962.6","1402","8.13","22.79","242.75","3","157.06","139.1","139.96","600","10.35","24.55","246","1","19","25","",""
"62",2024/3/1 13:15:44,"13","119.84826","31.71164","0","79","302","-82.75","19.03","171;73","-85.70;-100.20","1048.06","953.71","957.07","1406","8.36","22.68","241.05","3","156.81","138.63","139.91","600","10.35","24.95","246","1","19","25","",""
"63",2024/3/1 13:15:45,"13","119.84826","31.71164","0","79","302","-83.1","18.83","171;73","-85.19;-98.95","1051.91","960.47","964.71","1406","7.69","22.91","242.56","3","157.71","138.94","140.78","600","10.68","25.2","246","1","19","25","",""
"64",2024/3/1 13:15:46,"13","119.84826","31.71164","0","79","302","-83.03","18.78","171;73","-85.05;-99.59","1051.41","964.96","967.25","1404","8.01","22.81","244.24","3","158.97","141.37","141.93","600","10.16","25.18","246","1","19","25","",""
"65",2024/3/1 13:15:47,"13","119.84826","31.71164","0","79","302","-83.05","19.33","171;73","-85.03;-98.94","1052.56","960.05","968.48","1408","8.03","22.45","242.24","3","159.57","140.77","142.23","600","10.21","25.2","246","1","19","25","",""
"66",2024/3/1 13:15:48,"13","119.84826","31.71164","0","79","302","-83.16","19.24","171;73","-84.94;-99.38","1051.46","958.34","964.03","1406","8.28","22.84","243.66","3","159.55","141.23","142.48","600","10.05","25.19","246","1","19","25","",""
"67",2024/3/1 13:15:49,"13","119.84826","31.71164","0","79","302","-83.18","18.6","171;73","-85.22;-99.78","1050.56","957.98","963.32","1400","8.21","22.79","243.91","3","159.55","141.53","142.3","600","10.21","25.19","246","1","19","25","",""
"68",2024/3/1 13:15:50,"13","119.84826","31.71164","0","79","302","-83.07","18.71","171;73","-85.23;-99.11","1049.55","956.8","963.23","1404","8.61","22.5","242.72","3","159.54","141.85","142.47","600","10.2","25.2","246","1","19","25","",""
"69",2024/3/1 13:15:51,"13","119.84826","31.71164","0","79","302","-82.91","19.07","171;73","-85.24;-99.69","1040.42","935.28","946.92","1404","10.48","22.23","242.8","3","158.89","139.8","141.1","600","12.2","24.75","246","1","19","25","",""
"70",2024/3/1 13:15:52,"13","119.84826","31.71164","0","79","302","-83.1","18.78","171;73","-85.15;-99.21","1027","930.03","933.97","1404","7.7","22.32","242.13","3","155.56","134.91","137","600","12.37","23.73","246","1","19","25","",""
"71",2024/3/1 13:15:53,"13","119.84826","31.71164","0","79","302","-83.03","19.49","171;73","-85.81;-98.59","1026.37","924.34","932.84","1404","8.51","22.59","241.23","3","151.42","131.45","133.25","600","10.83","23.47","246","1","19","25","",""
"72",2024/3/1 13:15:54,"13","119.84826","31.71164","0","79","302","-78.26","14.94","171;73","-84.17;-93.71","1022.53","919","932.03","1404","9.92","23.64","241.93","3","149.51","130.03","131.48","600","12.2","24.14","246","1","19","25","",""
"73",2024/3/1 13:15:55,"15","119.84826","31.71164","0","79","302","-78.72","14.97","171;73","-81.99;-94.43","967.04","865.07","876.95","1402","8.84","23.75","242.92","3","149.03","128.75","129.96","600","14.38","23.43","246","1","19","25","",""
"74",2024/3/1 13:15:56,"17","119.84826","31.71165","0.4","79","302","-78.9","10.56","171;73","-85.93;-94.32","902.63","799.36","808.86","1404","12.05","23.32","242.48","3","152.3","130.75","132.75","600","10.21","25.03","246","1","19","25","",""
"75",2024/3/1 13:15:57,"18","119.84826","31.71166","0.89","79","302","-78.19","6.66","171;61;73;67","-79.84;-83.28;-88.20;-90.95","795.09","697.79","714.72","1404","10.61","19.41","241.38","3","156.92","139.14","140.35","600","6.7","25.63","246","1","17","25","",""
"76",2024/3/1 13:15:58,"25","119.84826","31.71166","0.89","79","171","-73.91","3.62","302;61;73;67","-78.39;-82.41;-147.70;-152.88","667.69","663.62","595.09","1406","10.74","16.67","242.41","3","160.86","148.13","148.8","600","6.93","26.63","245.56","1","19","25","",""
"77",2024/3/1 13:15:59,"30","119.84825","31.71165","1.32","79","171","-69.16","12.51","302;61;67;73","-80.16;-83.25;-155.61;-155.98","587.46","542.45","532.76","1406","7.33","18.84","241.69","3","163.09","153.79","153.95","600","5.18","25.92","246","1","14","12","",""
"78",2024/3/1 13:16:00,"35","119.84825","31.71165","1.32","79","171","-67.28","12.44","302;61","-75.28;-83.09","595.07","564.94","540.11","1404","11.48","19.76","240.95","3","161.5","145.02","145.84","600","20.6","25.1","246","1","10","8","",""
"79",2024/3/1 13:16:01,"40","119.84825","31.71164","1.92","79","171","-69.14","8.4","302;61","-71.78;-82.38","664.45","598.33","606.14","1404","7.48","19.7","244.16","3","164.42","139.87","145.42","600","10.53","26","246","1","12","11","",""
"80",2024/3/1 13:16:02,"45","119.84825","31.71164","1.92","79","171","-72.07","3.3","302;61","-69.95;-83.62","668.86","600.73","605.98","1404","9.22","19.43","239.04","3","164.93","144.93","145.03","600","6.66","26.02","246","1","14","12","",""
"81",2024/3/1 13:16:03,"50","119.84825","31.71164","1.92","79","302","-70.11","11.89","171;61","-73.09;-83.08","614.28","600.52","562.42","1404","7.61","13.87","242.18","3","164.05","151.92","153.23","600","3.54","26.34","245.56","1","18","25","",""
"82",2024/3/1 13:16:04,"54","119.84825","31.71164","1.92","79","302","-66.71","14.8","171;61","-72.05;-89.99","579.52","509.91","523.91","1406","11.11","12.87","242.83","3","163.75","152.05","152.38","600","11.18","25.88","246","1","13","24","",""
"83",2024/3/1 13:16:05,"59","119.84825","31.71164","1.92","79","302","-65.97","13.63","171;61","-71.61;-88.45","547.66","514.95","496.55","1406","8.98","14.72","241.44","3","163.53","148.98","150.59","600","11","25.93","246","1","12","23","",""
"84",2024/3/1 13:16:06,"64","119.84825","31.71164","1.47","79","302","-66.76","10.68","171;61","-69.94;-91.56","609.54","563.46","557.22","1408","6.33","20.24","244.21","3","166.81","144.09","148","600","10.7","26.02","246","1","11","22","",""
"85",2024/3/1 13:16:07,"70","119.84825","31.71164","1.03","79","302","-70.77","5.52","171;73;61","-67.30;-82.22;-88.71","681.67","630.15","629.97","1404","7.32","22.58","241.5","3","167.27","152.79","153.19","600","2.5","26.02","246","1","11","21","",""
"86",2024/3/1 13:16:08,"75","119.84825","31.71164","0.92","79","302","-63.96","12.3","171;73;61","-68.77;-83.78;-87.91","750.45","679.91","685.1","1405","12.82","22.07","240.54","3.15","156.09","145.69","144.16","600","9.01","21.16","246","1","4","14","",""
"87",2024/3/1 13:16:09,"80","119.84825","31.71164","0.92","79","302","-65.58","14.99","171;73;61","-71.39;-83.20;-85.28","762.29","695.42","698.42","1404","5.76","22.13","242.68","3.58","150.4","136.04","140.82","600","8.01","24.32","246","1","10","21","",""
"88",2024/3/1 13:16:10,"85","119.84825","31.71164","0.4","79","302","-69.41","13.89","171;73;61","-74.55;-83.90;-88.97","763.63","693.25","697.56","1401","7.49","22.84","241.72","3.23","150.35","140.23","142.08","600","0.83","26","246","1","11","22","",""
"89",2024/3/1 13:16:11,"90","119.84825","31.71164","0.4","79","302","-74.82","10.14","171;61;73","-78.34;-84.99;-85.02","778.89","732.66","735.43","1401","6.49","23.62","239.68","3.08","161.7","162.37","156.78","600","0","26","246","1","12","22","",""
"90",2024/3/1 13:16:12,"95","119.84825","31.71164","0","79","302","-66.85","11.9","171;61;73;67","-80.47;-83.87;-84.10;-89.50","804.7","754.89","756.7","1403","8.34","24.1","241.5","3.92","159.42","156.29","156.12","600","7.17","22.56","246","1","5","16","",""
"91",2024/3/1 13:16:13,"100","119.84825","31.71164","0","79","302","-67.11","20.54","171;73;61;67","-80.52;-83.16;-85.02;-90.37","829.31","772.36","775.83","1401","8.75","24.67","239.42","3.66","154.84","144.87","146.06","600","11.16","24.67","246","1","9","19","",""
"92",2024/3/1 13:16:14,"104","119.84825","31.71164","0","79","302","-68.92","14.61","171;61;73;67","-75.68;-83.20;-85.04;-90.77","860.63","817.75","807.6","1402","5.77","24.38","241.28","4","154.73","138.11","138.76","600","13.02","25.96","246","1","10","20","",""
"93",2024/3/1 13:16:15,"110","119.84825","31.71164","0","79","302","-70.98","10.08","171;61;73","-79.64;-81.19;-84.66","918.83","848.73","847.42","1404","12.83","23.17","239.8","3.83","163.6","142.42","144.89","600","7.69","25.97","246","1","9","20","",""
"94",2024/3/1 13:16:16,"115","119.84824","31.71164","0.37","79","302","-77.99","6.07","171;61;73","-77.32;-79.61;-82.23","930.75","862.1","866.78","1402","5","25.34","241.51","3.92","166.88","151.2","152.11","600","3.85","25.86","246","1","14","25","",""
"95",2024/3/1 13:16:17,"121","119.84819","31.71164","2.04","79","302","-69.64","11.67","61;171;73","-79.19;-80.20;-81.69","903.8","816.09","826.95","1404","9.85","24.3","241.51","4","158.12","145.19","145.62","600","10.55","22.52","246","1","9","19","",""
"96",2024/3/1 13:16:18,"126","119.84811","31.71166","4.88","79","302","-70.07","13.26","171;61;73;56","-79.25;-79.67;-81.75;-97.85","862.42","799.41","804.71","1404","7.14","24.74","242.09","4","157.97","142.95","144.53","600","11.68","25.98","246","1","14","25","",""
"97",2024/3/1 13:16:19,"131","119.848","31.71167","9.62","79","302","-70.54","14.09","61;171;73;56","-77.75;-78.38;-82.05;-90.76","861.85","785.03","790.64","1402","9.2","24.52","243.5","4","158.16","140.69","140.59","600","10.88","25.93","246","1","16","25","",""
"98",2024/3/1 13:16:20,"136","119.84789","31.71168","13.81","79","302","-71.77","12.03","61;171;73;56;67","-77.30;-81.07;-81.96;-89.23;-95.09","856.72","776","780.84","1406","10.39","23.31","240.78","4","166.8","145.71","147.62","600","12.06","25.93","246","1","18","25","",""
"99",2024/3/1 13:16:21,"141","119.84775","31.7117","17.27","79","302","-72.53","11.64","61;73;171;67","-76.78;-82.66;-85.09;-99.47","842.28","757.32","761.99","1404","9.27","23.45","240.95","4","165.43","145.45","146.82","600","10.36","25.48","246","1","19","25","",""
"100",2024/3/1 13:16:22,"147","119.84761","31.71172","22.11","79","302","-73.8","9.7","61;73;70;171;67","-79.22;-83.90;-85.00;-88.23;-94.99","819.41","746.44","750.58","1404","7.48","23.46","240.64","4","164.35","145.06","146.05","600","10.2","25.6","246","1","19","25","",""
"101",2024/3/1 13:16:23,"152","119.84746","31.71174","27.28","79","302","-72","10.79","61;70;73;171","-79.55;-83.52;-83.58;-147.81","825.73","761.35","767.27","1406","6.41","24.21","242.34","4","162.54","143.81","144.66","600","11.03","25.34","246","1","19","25","",""
"102",2024/3/1 13:16:24,"157","119.84732","31.71177","32.2","79","302","-72.88","9.86","61;73;171;70","-80.38;-81.05;-81.69;-83.12","830.64","765.62","773.43","1404","9.35","23.78","242.22","4","162.06","143.51","144.37","600","10.21","25.39","246","1","19","25","",""
"103",2024/3/1 13:16:25,"162","119.84717","31.7118","41.62","79","302","-74.6","10.15","73;61;70;171","-80.19;-82.54;-85.34;-88.43","827.79","749.44","755.15","1400","10.42","22.79","242.11","4","160.71","143","143.61","600","9.38","25.19","246","1","19","25","",""
"104",2024/3/1 13:16:26,"168","119.84703","31.71182","46.61","79","302","-75.77","12.87","73;61;70;171","-79.57;-82.53;-86.27;-88.21","791.42","703.1","717.23","1404","10.18","21.02","241.79","4","160.5","143.39","144.39","600","9.69","25.29","246","1","19","25","",""
"105",2024/3/1 13:16:27,"174","119.84689","31.71184","50.1","79","302","-76.45","14.27","73;61;192;70;171","-80.12;-80.48;-87.77;-87.95;-89.55","746.43","657.95","668.11","1404","10.12","19.84","241.43","4","159.47","143.37","143.98","600","9.38","25.04","246","1","19","25","",""
"106",2024/3/1 13:16:28,"179","119.84676","31.71185","51.89","79","302","-73.07","8.64","61;73;171;192;70","-78.41;-81.58;-82.19;-89.20;-94.37","690.69","612.27","625.08","1404","6.7","19.19","242.03","3.92","159.44","141.36","143.13","600","10.72","25.2","246","1","19","25","",""
"107",2024/3/1 13:16:29,"184","119.84667","31.71188","50","79","302","-73.08","8.97","61;171;73;67;192;70","-78.87;-82.34;-83.52;-83.66;-89.08;-91.34","661.09","598.39","600.92","1404","6.77","19.52","244.91","3.91","159.22","141.02","142.71","600","9.5","25.2","246","1","19","25","",""
"108",2024/3/1 13:16:30,"189","119.84659","31.71189","48.98","79","302","-75.17","11.41","61;73;67;171;85;70;192","-77.45;-83.53;-86.72;-87.02;-89.75;-91.05;-101.09","655.79","602.24","604.43","1404","8.07","19.95","241.63","3.69","159.43","141.2","142.22","600","9.82","25.15","246","1","19","25","",""
"109",2024/3/1 13:16:31,"194","119.84653","31.71191","47.29","79","302","-76.34","11.86","61;171;73;85;70;67;192","-79.11;-82.45;-83.14;-88.24;-88.35;-95.91;-99.94","681.74","630.46","630.92","1402","8.13","20.84","243.64","4","160.74","140.61","141.89","600","13.54","25.6","246","1","19","25","",""
"110",2024/3/1 13:16:32,"200","119.84645","31.71192","45.32","79","302","-77.17","12.4","61;73;171;85;67;70;192","-79.67;-82.18;-83.27;-87.21;-88.07;-92.49;-106.20","709.18","658.87","660.1","1402","7.92","21.09","241.85","4","161.74","140.62","142.42","600","9.71","25.53","246","1","19","25","",""
"111",2024/3/1 13:16:33,"205","119.84637","31.71193","42.28","79","302","-76.28","11.87","61;73;85;171;192;70","-78.88;-82.61;-86.91;-87.18;-101.40;-106.66","731.88","674.56","679.17","1402","8.17","21.46","243","4","162.58","142.5","143.44","600","9.68","25.41","246","1","19","25","",""
"112",2024/3/1 13:16:34,"210","119.84628","31.71196","40.48","79","302","-76.56","8.14","61;171;67;73;85;70","-80.82;-84.55;-86.45;-87.41;-88.21;-153.65","735.84","679.72","683.41","1402","6.97","21.38","242.71","4","161.7","143.96","145.25","600","9.34","25.27","246","1","19","25","",""
"113",2024/3/1 13:16:35,"215","119.84618","31.71198","38.54","79","302","-77.41","7.79","61;67;85;70;171;73","-85.93;-86.12;-89.61;-90.09;-91.09;-113.69","743.54","674.35","677.14","1404","11.19","20.91","241.13","4","160.68","142.7","144.07","600","10.68","25.23","246","1","19","25","",""
"114",2024/3/1 13:16:36,"220","119.84608","31.712","38.19","79","302","-80.64","9.45","67;61;70;171;85;26;73","-86.41;-86.59;-89.54;-89.98;-90.38;-91.80;-98.86","733.45","661.35","666.1","1402","8.77","20.68","240.11","4","159.92","141.16","142.9","600","10.72","25.17","246","1","19","25","",""
"115",2024/3/1 13:16:37,"225","119.84598","31.71205","37.3","79","302","-79.57","11.08","61;67;26;85;171;70;192","-80.67;-84.59;-86.83;-89.73;-90.03;-111.91;-133.83","710.98","631.9","639.6","1401","9.53","19.82","241.79","4","159.31","141.23","142.33","600","9.17","24.98","246","1","19","25","",""
"116",2024/3/1 13:16:38,"231","119.84589","31.71209","34.97","79","302","-78.42","11.65","61;67;171;26;70;73;85;192","-77.37;-84.68;-87.02;-89.01;-89.56;-89.68;-89.73;-141.63","689.69","624.03","627.61","1402","8.05","19.72","243.19","4","157.64","139.75","141.6","600","9.51","24.49","246","1","19","25","",""
"117",2024/3/1 13:16:39,"236","119.84581","31.71213","34.83","79","302","-77.92","11.59","61;171;67;26;73;70;192","-77.07;-86.54;-89.92;-90.06;-93.09;-94.06;-154.19","676.28","620.39","621.7","1402","6.14","19.85","242.87","4","156.86","138.89","141.49","600","9.51","24.85","246","1","19","25","",""
"118",2024/3/1 13:16:40,"242","119.84572","31.71217","34.81","79","302","-76.99","8.91","61;26;73;70;67;85;171","-80.73;-87.30;-87.50;-88.09;-88.58;-89.33;-92.13","679.96","629.07","632.67","1402","8.7","20.18","241.75","4","157.01","140.11","140.92","600","11.05","25.07","246","1","19","25","",""
"119",2024/3/1 13:16:41,"246","119.84562","31.7122","35.66","79","302","-78.55","10.1","61;67;73;26;85;171;70","-82.52;-86.50;-87.73;-88.55;-92.45;-92.62;-93.77","688.32","640.33","642.07","1406","7.92","20.31","240.52","4","156.38","139.27","140.08","600","10.39","24.18","246","1","19","25","",""
"120",2024/3/1 13:16:42,"252","119.84551","31.71224","38.65","79","302","-81.04","4.99","67;61;73;26;171;85;70","-85.20;-85.76;-88.40;-89.98;-90.46;-91.81;-95.96","696","639.25","643.18","1404","7.77","20.21","243.56","4","154.29","136.23","138.35","600","9.54","23.81","246","1","19","25","",""
"121",2024/3/1 13:16:43,"256","119.84541","31.71228","38.56","79","302","-82.88","2.69","61;67;26;73;171;85;70","-83.77;-85.83;-86.62;-87.12;-90.25;-92.48;-99.73","695.54","638.5","641.18","1404","8.55","20.13","240.65","4","149.77","134.11","134.81","600","9.71","23.17","246","1","19","25","",""
"122",2024/3/1 13:16:44,"261","119.84528","31.71232","40.51","79","302","-83.06","-0.02","61;26;67;73;85;70","-81.71;-83.72;-85.47;-85.88;-90.09;-98.52","703.32","646.38","648.08","1405","7.7","20.83","242.7","3.76","145.21","129.12","130.35","600","10.38","22.61","246","1","19","25","",""
"123",2024/3/1 13:16:45,"267","119.84515","31.71235","41.81","79","302","-79.83","0.18","61;26;67;73;85","-80.39;-85.37;-85.47;-88.05;-90.49","710.89","651.82","659.2","1404","7.83","20.72","242.39","3.33","142.53","127.22","127.61","600","10.35","22.9","246","1","19","25","",""
"124",2024/3/1 13:16:46,"271","119.84502","31.71239","43.02","79","302","-81.05","-0.69","61;67;26;85;73;70","-81.68;-83.40;-88.91;-89.21;-91.45;-97.94","709.34","642.46","653.15","1406","9.86","19.84","239.64","4","142.62","125.51","127.56","600","9.71","23.24","246","1","19","25","",""
"125",2024/3/1 13:16:47,"277","119.84489","31.71242","44.61","79","302","-80.5","-1.94","61;67;26;85;73;192;70","-79.27;-84.04;-85.75;-88.26;-91.21;-99.80;-100.41","700.15","633.96","641.07","1404","7.98","20.38","243.35","4","142.17","126.22","127.29","600","10.53","22.44","246","1","19","25","",""
"126",2024/3/1 13:16:48,"281","119.84475","31.71245","45.07","79","61","-82.91","-4.2","302;67;26;85;73;192","-82.62;-84.40;-84.87;-89.77;-89.84;-97.67","687.53","625.27","621.61","1402","10.8","18.49","242.23","3.91","136.09","123.47","121.39","600","12.77","22.26","243.77","1","19","25","",""
"127",2024/3/1 13:16:49,"287","119.84461","31.71248","48.19","79","61","-81.89","3.76","302;67;85;26;171;73;192;70","-81.55;-84.16;-88.35;-90.10;-92.03;-95.16;-97.81;-99.67","623.53","625.27","564.78","1401","9.24","23.07","243.91","3.15","129.73","114.19","115.41","566","11.5","22.13","240.16","1","19","25","",""
"128",2024/3/1 13:16:50,"292","119.84447","31.71251","49.81","79","61","-81.32","2.74","192;302;70;171;26;85;67;73","-81.67;-81.71;-83.87;-84.26;-86.10;-87.68;-89.27;-91.27","606.44","584.27","563.26","1410","3","26.77","240.52","3","127.35","113.03","113.57","597","9.44","21.39","246","1","19","22","",""
"129",2024/3/1 13:16:51,"296","119.84433","31.71254","49.75","79","61","-84.54","-1.86","192;302;70;171;26;85;67;73","-81.21;-82.23;-85.16;-85.23;-87.93;-87.95;-87.99;-88.90","637.49","626.51","607.79","1404","7.41","25.91","243.12","3","126.09","110.28","113.27","600","9.21","19.75","246","1","19","24","",""
"130",2024/3/1 13:16:52,"301","119.84418","31.71257","51.39","79","61","-90.92","-8.51","192;302;171;70;85;67;26;73","-81.22;-82.63;-83.70;-85.94;-87.93;-88.28;-88.35;-91.38","667.97","641.71","644.4","1402","0.94","27","245.73","3","123.95","110.03","111.28","600","11.11","18.98","246","1","22","26","",""
"131",2024/3/1 13:16:53,"306","119.84403","31.71261","54.34","79","192","-84.65","2.9","302;171;61;70;26;67;85;56;219","-82.84;-83.86;-84.46;-85.47;-86.54;-87.82;-88.68;-91.78;-117.28","627.77","641.47","596.85","1401","11.47","21.78","239.84","3.66","104.52","85","89.77","600","27.45","14.66","245.08","1","22","25","",""
"132",2024/3/1 13:16:54,"310","119.84389","31.71264","54.56","79","192","-81.35","3.05","302;171;56;26;70;85;67;61;219;97","-83.24;-85.88;-87.20;-87.30;-87.54;-87.87;-88.28;-88.84;-119.64;-123.78","494.48","266.36","464.29","1258","11.18","10.39","243.78","3.92","98.8","81.2","84.22","552","10.4","18.75","246","1","22","25","",""
"133",2024/3/1 13:16:55,"316","119.84374","31.71267","55.3","79","192","-86.92","3.04","302;56;70;61;26;171;67;85;219;97","-81.08;-82.96;-84.13;-85.99;-86.13;-88.22;-91.23;-96.95;-118.60;-155.98","419.41","346.12","380.43","1258","6.74","21.96","242.97","3","93.52","79.86","79.33","552","12.11","18.86","246","1","22","25","",""
"134",2024/3/1 13:16:56,"318","119.84363","31.71269","54.27","79","192","-81.92","3.35","61;302;67;56;85;26;70;171;219;97","-76.59;-81.05;-82.73;-83.66;-86.28;-91.20;-98.08;-116.60;-117.46;-124.09","431.22","391.46","393.3","1258","10.78","24.21","241.04","3.76","101.09","86.83","89.52","552","12.44","20.39","243.75","1","18","25","",""
"135",2024/3/1 13:16:57,"318","119.84354","31.7127","52.59","79","192","-87.21","1.29","302;26;56;67;61;85;70;171;219;97","-81.99;-82.93;-86.18;-86.78;-88.52;-89.27;-97.46;-101.73;-117.02;-124.27","516.76","471.61","476.73","1259","6.42","24.24","242.68","3.08","109.66","94.8","96.74","552","11.92","24.16","243","1","21","25","",""
"136",2024/3/1 13:16:58,"318","119.84347","31.7127","49.78","79","26","-82.3","3.05","302;56;85;61;67;192;171;219","-84.79;-85.74;-89.34;-89.59;-90.24;-92.08;-92.24;-118.13","491.15","487.85","454.52","1259","6.27","17.12","242.59","3.16","115.84","101.29","102.45","552","11.48","24.19","243.98","1","19","25","",""
"137",2024/3/1 13:16:59,"319","119.84336","31.71272","48.56","79","26","-81.9","4.15","56;302;67;192;85;61;219;171","-85.33;-85.85;-88.01;-88.45;-89.37;-90.00;-115.97;-119.83","463.69","411.05","433.27","1264","8.87","15.1","239.59","3","129.97","114.74","114.94","540","11.38","24.94","246","1","19","25","",""
"138",2024/3/1 13:17:00,"319","119.84325","31.71273","47.26","79","26","-81.1","4.06","302;56;67;85;61;192;219","-82.77;-84.70;-86.77;-89.80;-90.45;-92.95;-116.81","445.29","432.62","414.13","1262","7.53","19.98","239.98","3","133.96","117.57","119.15","540","10.71","24.65","246","1","19","25","",""
"139",2024/3/1 13:17:01,"317","119.84313","31.71275","46.44","79","26","-80.3","-0.28","302;56;192;67;85;61;171;219;97","-81.35;-85.33;-88.10;-88.27;-89.23;-92.84;-103.68;-117.11;-123.41","499.67","468.04","466.05","1262","8.73","22.78","238.42","3.07","139.58","123.64","124.47","540","9.85","24.12","246","1","19","25","",""
"140",2024/3/1 13:17:02,"316","119.84299","31.71277","45.98","79","26","-80.55","2.01","302;61;192;67;56;85;171;219;97","-80.14;-83.21;-85.92;-86.57;-88.66;-91.98;-93.02;-117.40;-122.55","537.27","501.86","503.11","1261","5.64","22.25","241.46","3.5","137.78","119.88","121.83","540","14.43","23.49","246","1","19","25","",""
"141",2024/3/1 13:17:03,"316","119.84285","31.71279","45.4","79","26","-81.75","1.28","302;56;61;85;67;192;171;219;97","-83.71;-86.03;-88.34;-88.66;-88.74;-89.43;-94.66;-118.09;-127.54","570.16","545.13","545.67","1258","1.19","26.85","244.63","3","132.45","115.68","118.4","540","7.63","22.85","245.94","1","19","25","",""
"142",2024/3/1 13:17:04,"316","119.84274","31.71281","44.19","79","26","-77.92","1.48","302;56;61;85;192;67;171;219;97","-83.82;-84.37;-88.46;-88.85;-89.43;-93.23;-95.95;-118.00;-128.51","587.19","569.24","574.87","1260","1.75","26.88","243.21","3","134.55","117.46","119.08","540","11.96","25.24","246","1","19","25","",""
"143",2024/3/1 13:17:05,"315","119.84262","31.71284","43.13","79","26","-76.58","3.55","56;302;61;85;67;219;97","-81.30;-81.66;-84.33;-88.37;-92.38;-120.10;-128.51","609.29","599.45","599.91","1260","3.97","23.93","242.91","3","136.91","124.36","122.66","540","11.51","24.57","246","1","19","25","",""
"144",2024/3/1 13:17:06,"316","119.8425","31.71288","43.75","79","26","-78.02","-0.23","302;61;56;67;85;219;97","-81.55;-83.63;-86.49;-93.20;-94.64;-121.50;-125.11","620.09","559.55","566.71","1258","19.66","21.31","237.05","3","137.33","119.93","120.89","540","11.58","23.21","245.97","1","19","25","",""
"145",2024/3/1 13:17:07,"315","119.84239","31.71292","44.84","79","26","-77.89","3.06","302;85;56;61;67;219;97","-83.56;-88.54;-89.19;-89.34;-90.16;-122.70;-125.11","615.98","563.14","562.04","1258","2.14","21.69","242.94","3","135.34","117.82","120.69","540","9.62","24.09","245.94","1","19","25","",""
"146",2024/3/1 13:17:08,"316","119.84227","31.71294","46.8","79","26","-77.93","5.69","61;302;67;85;219;97;56","-84.72;-85.30;-87.73;-90.72;-122.16;-124.02;-126.11","623.1","556.33","555.07","1260","10.28","21.71","239.94","3.16","134.81","119.62","121","540","10.09","24.64","245.97","1","19","25","",""
"147",2024/3/1 13:17:09,"315","119.84213","31.71298","48.15","79","26","-79.98","2.17","302;61;85;67;219;56;97","-80.39;-81.16;-87.42;-88.66;-122.09;-126.11;-126.83","632.83","587.31","591.86","1260","7","24","244.36","3.46","134.42","120.39","120.82","540","10.74","22.96","246","1","19","25","",""
"148",2024/3/1 13:17:10,"315","119.84201","31.71301","48.67","79","26","-82.48","1.65","61;302;67;159;85;219;97","-79.70;-80.16;-88.66;-89.83;-91.18;-118.35;-155.98","624.41","569.21","574.8","1262","7.96","25.77","238.3","3","130.2","113.93","116.56","540","10.47","21.76","245.89","1","19","25","",""
"149",2024/3/1 13:17:11,"315","119.84188","31.71304","49.13","79","26","-81.5","0.38","61;302;85;192;159;219;97;67","-79.77;-84.52;-91.26;-93.73;-95.59;-122.12;-123.17;-130.52","598.93","563.69","565.89","1264","2.14","26.83","244.21","3.15","123.98","110","110.48","540","10.78","22.04","246","1","19","25","",""
"150",2024/3/1 13:17:12,"315","119.84178","31.71308","47.95","79","26","-84.46","-4.6","61;302;192;56;159;67;219;97","-78.93;-88.57;-88.89;-89.59;-93.06;-107.00;-119.66;-123.17","587.73","551.51","559.65","1258","6.08","22.25","243.55","3.33","118.12","103.9","105.25","540","11.02","20.05","246","1","19","25","",""
"151",2024/3/1 13:17:13,"315","119.84166","31.71312","47.45","79","61","-81.35","2.2","26;302;56;192;67;159","-86.30;-88.09;-89.27;-90.14;-94.10;-147.99","532.98","551.51","491.26","1271","15.78","13.52","237.56","3.9","120.07","105.02","106.44","543","12.87","23.32","243.73","1","19","25","",""
"152",2024/3/1 13:17:14,"315","119.84153","31.71316","48.43","79","61","-83.6","-0.14","302;26;56;192;67;171;159;85","-80.46;-81.04;-83.80;-85.52;-90.59;-92.23;-95.30;-99.82","496.98","439.07","445.51","1400","8.82","15.34","241.8","4","125.05","109.08","110.92","551","10.68","24.92","239.58","1","19","21","",""
"153",2024/3/1 13:17:15,"315","119.84143","31.7132","47.52","79","61","-82.74","-1","302;26;56;159;85;171;70","-79.72;-81.13;-83.59;-90.13;-91.30;-95.13;-102.30","476.19","448.72","422.87","1401","8.95","15.38","241.28","4","142.18","125.29","126.94","600","9.69","25.22","246","1","19","18","",""
"154",2024/3/1 13:17:16,"315","119.84135","31.71321","46.07","79","61","-78.55","2.8","302;56;44;159;171;85;192;70","-78.54;-82.87;-89.34;-89.53;-93.90;-99.44;-107.16;-130.52","502.66","462.26","464.89","1404","9.4","15","239.54","4","155.15","138.2","139.39","600","10.03","25.8","246","1","19","18","",""
"155",2024/3/1 13:17:17,"314","119.84127","31.71323","44.47","79","61","-79.43","2.18","302;56;67;44;159;192;85;171","-82.01;-82.72;-88.09;-88.52;-89.77;-92.94;-99.24;-102.53","518.05","490.16","485.41","1404","4.45","23.09","243.14","3.91","162.92","145.43","146.71","600","10.09","25.46","246","1","19","18","",""
"156",2024/3/1 13:17:18,"314","119.84119","31.71325","43.26","79","61","-82.64","-1.2","302;56;26;171;67;159;85;192","-76.16;-83.72;-84.55;-85.80;-88.66;-90.48;-91.51;-154.95","540.76","484.78","490.62","1404","14.16","21.5","241.93","3.38","162.18","144.23","145.26","600","11.25","24.92","246","1","19","18","",""
"157",2024/3/1 13:17:19,"314","119.84112","31.71326","41.52","79","61","-85.59","-3.1","302;26;171;159;85;56;192","-74.34;-85.36;-86.22;-89.88;-91.70;-120.35;-155.66","532.43","494.28","494.21","1404","1.84","20.81","243.41","3.41","160.19","141.14","142.68","600","10.46","25.18","246","1","19","19","",""
"158",2024/3/1 13:17:20,"314","119.84102","31.71328","39.51","79","61","-79.95","3.38","302;26;171;159;192;44;85;67","-74.45;-84.90;-87.14;-87.20;-87.98;-88.43;-91.62;-93.52","546.18","510.8","508.92","1402","3.76","25.53","240.26","4","157.2","138.29","139.89","600","10.66","24.45","246","1","19","18","",""
"159",2024/3/1 13:17:21,"314","119.84093","31.71329","38.82","79","302","-82.17","-0.51","61;192;44;26;171;85;159;67;219;97","-79.85;-86.55;-87.09;-87.91;-88.45;-89.35;-89.77;-99.08;-118.44;-127.27","560.51","511.22","530.9","1403","14.43","20.12","239.66","4","152","135.85","135.8","600","11.87","24.67","245.55","1","19","19","",""
"160",2024/3/1 13:17:22,"314","119.84084","31.71331","37.4","79","302","-75.12","6.59","61;26;85;171;159;192;219;97;67;44","-81.80;-82.88;-86.70;-88.06;-89.20;-95.19;-118.66;-127.91;-133.55;-147.93","521.2","412.42","476.89","1286","11.14","13.96","241.04","3.92","137.49","123.55","122.91","549","9.2","23.85","232.17","1","19","25","",""
"161",2024/3/1 13:17:23,"314","119.84074","31.71333","36.2","79","302","-75.28","6.24","192;85;61;159;171;26;44;56;219;97","-81.34;-85.84;-85.96;-87.38;-89.53;-91.99;-94.71;-95.16;-117.43;-125.50","450.88","317.96","394.65","1259","9.85","13.91","243.39","3.91","128.44","108.81","114.43","540","11.86","23.65","246","1","19","25","",""
"162",2024/3/1 13:17:24,"314","119.84062","31.71333","35.36","79","302","-75.32","4.63","26;159;192;61;56;85;171;147;219;97","-78.37;-87.01;-87.43;-87.85;-87.90;-88.04;-88.82;-92.55;-118.32;-155.98","444.38","422.16","412.18","1259","1.19","23.17","245.69","3.69","125.21","109.3","111.16","540","10.78","24.07","246","1","19","25","",""
"163",2024/3/1 13:17:25,"313","119.84051","31.71335","35.82","79","302","-74","5.5","26;56;159;85;61;147;171;192;219","-78.20;-86.05;-87.70;-88.56;-90.05;-91.63;-94.25;-102.15;-118.18","502.83","495.13","488.16","1259","1.27","26.48","243.39","3.08","135.41","119.79","119.71","540","11.07","25.19","246","1","19","25","",""
"164",2024/3/1 13:17:26,"313","119.84041","31.71335","36.15","79","302","-76.46","7.39","56;192;26;159;85;61;219;171","-79.09;-84.59;-86.90;-87.27;-88.09;-97.58;-120.13;-128.36","566.18","560.9","556.28","1259","3.69","26.35","243.87","3.66","139.75","123.71","124.73","540","9.39","25.01","246","1","19","25","",""
"165",2024/3/1 13:17:27,"313","119.84029","31.71336","36.82","79","302","-76.25","8.11","26;56;159;61;171;85;192;219","-80.15;-83.97;-84.02;-87.18;-91.11;-96.30;-116.71;-118.90","594.53","578.32","581.19","1260","1.84","26.77","243.95","4","142.45","126.43","127.48","540","9.96","25.27","246","1","19","25","",""
"166",2024/3/1 13:17:28,"313","119.84018","31.71337","38.53","79","302","-75.57","5.01","56;192;26;159;85;171;61;219","-81.71;-82.79;-84.25;-84.36;-88.44;-89.68;-91.85;-121.48","597.31","568.56","579.28","1260","5.81","26.02","245.09","3.76","143.83","127.32","128.31","540","11.66","25.46","246","1","19","25","",""
"167",2024/3/1 13:17:29,"313","119.84006","31.71336","40.58","79","302","-75.45","5.44","26;56;159;192;171;61;44;85;219","-79.20;-80.16;-81.48;-83.16;-86.11;-88.73;-89.69;-91.40;-117.71","599.62","578.64","579.35","1257","2.24","26.81","245.16","3.83","143.81","127.23","128.72","540","10.24","25.22","246","1","19","25","",""
"168",2024/3/1 13:17:30,"312","119.83994","31.71336","40.85","79","302","-78.71","5.36","56;159;26;171;192;61;44;219;97;85","-77.83;-80.33;-81.75;-85.26;-86.61;-94.93;-101.83;-121.37;-126.82;-134.20","599.53","567.43","569.9","1258","5.54","26.3","244.88","3.76","144.31","128.44","129.34","540","9.14","25.28","246","1","19","25","",""
"169",2024/3/1 13:17:31,"312","119.83982","31.71336","41.27","79","302","-75.32","5.07","56;26;159;192;171;61;219;97","-80.24;-81.34;-81.70;-87.30;-87.82;-93.91;-117.70;-126.82","598.89","575.59","575.99","1260","3.16","26.81","241.46","4","143.15","127.33","129.11","540","9.64","25.23","246","1","19","25","",""
"170",2024/3/1 13:17:32,"311","119.8397","31.71337","43.37","79","302","-77.55","-1.87","159;192;56;26;61;171;67;219;97","-76.59;-77.28;-77.57;-86.59;-86.61;-96.84;-98.16;-119.57;-127.46","586.47","546.92","554.13","1260","7.94","25.2","243.2","4","140.91","125.14","125.86","540","12.08","23.67","246","1","19","25","",""
"171",2024/3/1 13:17:33,"311","119.83961","31.71338","42.4","79","159","-79.28","2.11","192;56;61;26;302;67","-78.65;-78.73;-82.24;-82.78;-91.74;-115.57","543.52","546.92","474.51","1258","22.22","19.53","234.65","4","133.19","117.33","118.94","540","12.26","22.73","244.54","1","19","25","",""
"172",2024/3/1 13:17:34,"311","119.83957","31.71339","40.31","79","159","-79.12","1.32","56;61;26;302;44;192;171;147","-78.52;-81.78;-83.08;-85.50;-86.20;-89.86;-92.99;-95.99","514.24","411.03","435.67","1408","10.24","21.16","238.94","3.84","133.56","118.47","118.93","600","9.68","23.06","244.88","1","19","25","",""
"173",2024/3/1 13:17:35,"312","119.83955","31.7134","36.85","79","159","-80.57","3.59","56;192;26;44;302;171;61;147","-81.77;-83.47;-84.49;-86.73;-86.88;-88.12;-88.27;-96.68","502.38","434.3","424.29","1405","8.77","21.81","240.58","4","132.77","118.62","119.51","600","9.54","22.13","244.5","1","19","25","",""
"174",2024/3/1 13:17:36,"312","119.83955","31.71343","33.94","79","159","-80.85","1.92","26;61;192;56;302;171","-76.34;-83.13;-83.98;-84.59;-85.16;-91.91","512.95","471.46","471.82","1402","9.06","21.51","240.07","4","137.32","120.81","123.02","600","10.47","21.64","245.67","1","19","25","",""
"175",2024/3/1 13:17:37,"312","119.83952","31.71344","31.89","79","26","-76.88","3.85","302;192;56;159;61;219;97","-77.69;-78.30;-80.08;-80.14;-86.34;-116.35;-122.74","490.35","472.85","441.6","1402","14.55","15.63","241.77","4","133.35","118.94","122.18","600","6.21","24.05","244.98","1","19","25","",""
"176",2024/3/1 13:17:38,"310","119.83951","31.7134","29.59","79","26","-76.24","4.39","159;302;192;56;44;61;219;97","-78.58;-78.73;-79.24;-80.97;-84.72;-87.74;-115.98;-122.96","471.05","385.96","422.19","1256","9.2","15.74","242.24","4","126.6","116.47","117.36","527","5.58","26.2","233.33","1","16","25","",""
"177",2024/3/1 13:17:39,"310","119.8395","31.71336","27.43","79","26","-76.24","3.59","159;192;302;85;171;61;44;56;219;97","-78.01;-84.45;-84.54;-85.48;-86.19;-86.34;-87.85;-88.87;-115.85;-155.98","456.09","389.93","395.29","1256","14.1","15.18","243.29","4","131.65","119.43","121.34","540","11.54","25.71","245.98","1","17","25","",""
"178",2024/3/1 13:17:40,"310","119.83947","31.7133","23.9","79","159","-80.25","4.45","61;192;171;56;26;85;44;302","-82.95;-84.39;-85.60;-85.86;-86.07;-86.48;-88.38;-90.59","443.89","387.67","382.56","1255","15.99","12.52","239.95","4","132.27","124.18","119.5","540","11.69","24.17","244.54","1","19","25","",""
"179",2024/3/1 13:17:41,"310","119.83946","31.71329","22.22","79","159","-79.99","3.21","61;26;56;171;85;44;192;302","-82.63;-82.80;-83.95;-86.80;-86.90;-87.70;-87.84;-91.95","432.67","400.14","373.19","1402","9.95","13.51","241.33","4","143.24","126.67","127.66","589","10.69","24.08","245.12","1","19","25","",""
"180",2024/3/1 13:17:42,"310","119.83946","31.71331","19.05","79","159","-80.1","2.72","192;61;56;26;171;44;302;85","-82.17;-83.27;-84.49;-84.61;-84.73;-84.91;-97.00;-99.43","446.31","427.99","399.02","1404","7.63","19.09","242.23","4","144.29","129","129.31","600","10.38","23.94","245.89","1","19","25","",""
"181",2024/3/1 13:17:43,"310","119.83947","31.71333","14","79","159","-79.39","3.14","192;61;26;56;44;171;85;302","-82.32;-82.62;-82.98;-84.64;-85.05;-85.73;-93.13;-127.85","496.8","458.34","459.36","1402","8.9","22.2","239.49","4","150.4","133.79","134.93","600","9.83","23.79","245.86","1","19","25","",""
"182",2024/3/1 13:17:44,"309","119.83947","31.71339","14.95","79","159","-79.23","3.33","26;56;192;302;61;171","-83.93;-83.95;-84.20;-84.92;-85.26;-85.46","525.46","472.56","488.41","1406","8.11","21.67","240.13","4","149.46","132.5","133.82","600","10.7","23.3","246","1","19","25","",""
"183",2024/3/1 13:17:45,"309","119.83948","31.71346","16.41","79","159","-81.71","-0.08","26;44;61;171;56;192;302","-82.31;-84.34;-85.09;-86.03;-87.18;-87.73;-91.70","534.55","496.21","501.55","1404","5.84","22.78","241.89","4","146.84","130.66","131.55","600","10.18","23.12","246","1","19","25","",""
"184",2024/3/1 13:17:46,"310","119.83949","31.71354","18.98","79","159","-82.93","-0.72","44;56;26;61;171;302;192","-83.40;-83.58;-83.61;-84.42;-88.09;-91.70;-109.12","546.56","517.02","516.52","1402","6.28","23.16","242.7","4","145.13","128.72","129.68","600","9.88","23.24","246","1","19","25","",""
"185",2024/3/1 13:17:47,"310","119.83951","31.71363","22.45","79","159","-84.38","-3.4","44;26;61;56;171;70;302;192","-79.70;-79.93;-81.59;-89.27;-91.62;-94.24;-94.98;-110.63","552.85","510.44","517.6","1406","10.31","21.53","240.04","4","144.67","128.37","129.85","600","9.38","23.19","246","1","19","25","",""
"186",2024/3/1 13:17:48,"310","119.83951","31.71369","23.32","79","159","-84.65","-6.3","26;192;56;302;61;44;70;171","-76.77;-80.17;-82.31;-85.13;-88.07;-88.44;-91.98;-95.62","551.04","509.44","515.34","1406","6.57","22.83","244.1","4","141.7","126.62","126.91","600","11.22","21.72","246","1","19","25","",""
"187",2024/3/1 13:17:49,"311","119.83952","31.71373","22.63","79","159","-78.44","2.64","26;192;44;302;171;56;70","-81.55;-83.90;-86.73;-87.67;-91.28;-92.33;-102.15","562.19","519.25","525.66","1401","6.58","23.47","243.68","4","143.76","127.35","129.24","600","8.83","24.14","246","1","19","25","",""
"188",2024/3/1 13:17:50,"311","119.83952","31.71374","21.54","79","159","-77.38","2.69","61;26;44;302;70;56;192","-82.69;-84.91;-86.21;-87.72;-91.05;-92.01;-92.82","575.72","534.45","538.59","1403","9","23.42","239.33","4","148.7","132.59","133.53","600","9.71","25.15","246","1","19","25","",""
"189",2024/3/1 13:17:51,"311","119.83953","31.71374","20.64","79","159","-77.39","3.51","61;85;26;44;70;302","-80.70;-82.22;-84.58;-85.29;-92.79;-111.55","582.52","545.81","548.39","1402","4.71","24.09","241.95","4","156.87","137.71","139.85","600","12.5","25.43","246","1","19","25","",""
"190",2024/3/1 13:17:52,"311","119.83953","31.71373","20.2","79","159","-74.78","3.6","61;85;26;44;302;192","-79.44;-84.20;-84.37;-87.05;-113.46;-117.96","592.79","554.62","566.81","1402","3.85","25.11","243.39","4","162.21","141.49","142.94","600","11.89","25.81","246","1","19","25","",""
"191",2024/3/1 13:17:53,"310","119.83955","31.71372","18.97","79","159","-76.54","2.47","26;61;44;171;192","-77.88;-82.10;-89.19;-94.95;-97.29","604.67","573.39","576.34","1402","8.99","24.66","242.85","4","160.45","140.39","140.7","600","10.85","24.33","246","1","19","25","",""
"192",2024/3/1 13:17:54,"309","119.83958","31.7137","19.55","79","159","-78.87","0.56","26;61;192;302;171;56;44","-80.30;-82.65;-85.29;-86.73;-88.69;-89.50;-90.59","599.77","556.26","562.03","1402","9.7","23.07","240.46","4","154.42","133.69","136.6","600","11.5","23.12","246","1","19","25","",""
"193",2024/3/1 13:17:55,"309","119.83959","31.71367","17.13","79","159","-80.53","-1.26","26;61;171;302;44;56;192","-83.23;-83.38;-86.47;-86.48;-91.20;-91.46;-138.95","558.43","510.65","509.91","1401","9.85","17.52","242.6","4","147.43","130.18","130.83","600","11.33","23.12","246","1","19","25","",""
"194",2024/3/1 13:17:56,"308","119.83959","31.71366","13.99","79","159","-79.96","-0.48","61;26;302;171;44;56;70","-81.38;-83.62;-88.03;-88.49;-88.59;-90.23;-92.69","531.32","481.85","487.99","1399","7.91","21.62","242.24","4","144.57","127.24","128.61","600","9.63","23.23","246","1","19","25","",""
"195",2024/3/1 13:17:57,"308","119.83959","31.71365","10.36","79","159","-80.17","-0.92","61;26;171;44;70","-81.23;-84.78;-87.23;-91.20;-93.27","516.45","479.68","478.93","1402","7.56","21.54","243.55","4","144.53","127.78","129.48","600","9.88","23.19","246","1","19","25","",""
"196",2024/3/1 13:17:58,"308","119.83958","31.71365","8.06","79","159","-80.53","-0.12","26;61;171;44;56;192;70","-81.47;-81.85;-89.29;-90.41;-92.73;-95.80;-110.91","530.47","495.05","495.87","1401","7.36","22.44","240.86","4","144.93","129.37","129.99","600","10.03","23.2","246","1","19","25","",""
"197",2024/3/1 13:17:59,"307","119.83958","31.71365","6.24","79","159","-79.53","0.25","61;26;44;171;56;70;192","-81.83;-85.12;-88.64;-88.73;-92.94;-94.07;-101.18","538.21","497.75","505.41","1401","7.35","22.37","241.49","4","144.97","128.35","128.98","600","11.39","23.24","246","1","19","25","",""
"198",2024/3/1 13:18:00,"306","119.83958","31.71365","5.8","79","159","-79.89","-0.25","61;26;171;44;192;70","-83.30;-85.26;-87.46;-89.90;-102.17;-110.02","542.81","505.85","510.38","1400","6.75","22.44","242.3","4","145.06","127.46","129.52","600","9.45","23.23","246","1","19","25","",""
"199",2024/3/1 13:18:01,"306","119.83957","31.71365","5.8","79","159","-80.29","-0.65","26;61;44;302;171;56;192;70","-82.29;-82.49;-87.91;-88.16;-89.80;-95.66;-95.67;-110.02","547.43","511.61","514.21","1401","7.7","22.87","242.73","4","145.2","128.93","129.7","600","9.71","23.25","246","1","19","25","",""
"200",2024/3/1 13:18:02,"306","119.83956","31.71366","5.75","79","159","-80.09","-0.35","61;26;302;44;171;56;192","-82.73;-85.21;-88.41;-88.54;-90.02;-95.66;-143.62","549.14","512.01","514.76","1403","7.91","22.1","242","4","145.16","129.95","130.47","600","9.71","23.21","246","1","19","25","",""
"201",2024/3/1 13:18:03,"305","119.83956","31.71366","5.06","79","159","-80.17","-0.16","26;61;171;44","-84.95;-88.22;-88.91;-90.34","546.86","508.91","510.64","1401","7.6","22.49","241.36","4","145.35","128.76","130.32","600","9.83","23.37","246","1","19","25","",""
"202",2024/3/1 13:18:04,"305","119.83956","31.71366","3.62","79","159","-79.39","-0.23","61;26;44;171","-79.45;-85.66;-88.42;-96.68","556.39","524.75","524.58","1403","5.64","23.6","242.66","4","150.33","131.72","133.89","600","11.42","25.2","246","1","19","25","",""
"203",2024/3/1 13:18:05,"305","119.83956","31.71366","2.23","79","159","-79.7","-0.74","61;26;44;171","-80.23;-85.28;-93.04;-96.45","569.07","533.37","539.71","1402","5.99","23.46","243.02","4","154.76","137.92","137.49","600","10.21","25.2","246","1","19","25","",""
"204",2024/3/1 13:18:06,"304","119.83959","31.71365","3","79","159","-79.69","-0.52","61;85;26;302;171;44","-79.28;-82.07;-84.79;-90.18;-91.77;-98.15","578.25","548.28","551.58","1402","5.07","23.57","243.58","4","159.55","140.42","141.94","600","10.2","25.18","246","1","19","25","",""
"205",2024/3/1 13:18:07,"303","119.83962","31.71365","3.69","79","159","-80.47","-0.95","85;61;26;302;44","-82.49;-83.55;-84.58;-91.55;-99.39","579.48","551.04","554.14","1401","4.72","23.78","243.57","4","159.54","140.29","142.3","600","10.37","25.18","246","1","19","25","",""
"206",2024/3/1 13:18:08,"304","119.83966","31.71364","4.75","79","159","-82.53","-1.08","26;85;147;61;302","-81.99;-83.70;-94.22;-99.52;-100.09","583.26","555.72","559.85","1401","4.93","23.83","242.45","4","158.5","140.3","141.15","600","11.5","24.61","246","1","19","25","",""
"207",2024/3/1 13:18:09,"304","119.83972","31.71362","7.34","79","159","-87.1","-4.78","26;85;56;61;302;147","-82.48;-83.98;-84.01;-85.60;-94.17;-95.26","582.54","552.31","557.45","1401","6.19","23.69","243.5","4","154.65","135.59","137.4","600","11.39","23.47","246","1","19","25","",""
"208",2024/3/1 13:18:10,"304","119.83977","31.71361","9.28","79","159","-81.98","-3.82","56;26;85;302;61;192;147","-83.03;-83.30;-83.98;-83.99;-86.23;-88.08;-97.25","576.12","538.41","542.82","1389","8.02","23.11","242.57","4","147.31","131.15","131.66","600","8.87","22.32","246","1","19","25","",""
"209",2024/3/1 13:18:11,"304","119.83983","31.71359","11.34","79","159","-83.27","-5.95","56;302;26;61;192;147","-83.28;-83.52;-85.40;-88.61;-89.77;-96.57","570.09","523.02","524.89","1404","10.62","22.64","240.17","3.91","143.37","125.87","128.11","600","11.03","23.02","246","1","19","25","",""
"210",2024/3/1 13:18:12,"305","119.83989","31.71356","13.4","79","159","-86.96","-8.19","56;26;302;85;61;147;171;192","-81.24;-83.01;-83.41;-86.38;-88.28;-97.30;-98.09;-101.48","565.97","517.22","519.59","1402","7.88","23.19","241.02","3.92","140.24","126.19","126.13","600","9.71","22.44","246","1","19","25","",""
"211",2024/3/1 13:18:13,"305","119.83996","31.71353","14.73","79","159","-79.91","3.46","56;26;302;192;61;171","-79.88;-82.33;-83.38;-84.70;-88.28;-92.58","565.33","520.69","523.67","1404","7.48","23.17","243.23","4","137.34","121.31","122.93","600","9.71","21.15","246","1","19","25","",""
"212",2024/3/1 13:18:14,"305","119.84003","31.7135","19.33","79","159","-80.12","3.97","56;26;302;192;61;171","-80.14;-81.11;-81.95;-89.41;-90.53;-93.10","569.33","529.69","532.23","1402","7.2","23.25","243.24","4","134.4","118.51","120.13","600","11.05","21.65","246","1","19","25","",""
"213",2024/3/1 13:18:15,"306","119.84009","31.71346","20","79","159","-82.06","0.53","26;302;56;192;61;171","-76.34;-81.33;-83.16;-86.38;-92.50;-96.79","574.34","533.75","539.35","1404","7.82","23.24","242.33","3.75","129","114","114.89","600","10.38","19.95","246","1","19","25","",""
"214",2024/3/1 13:18:16,"306","119.84016","31.71341","24.46","79","26","-76.81","4.07","302;56;159;192;171;61;67;219","-81.73;-82.58;-83.55;-87.12;-90.57;-94.19;-96.10;-120.30","518.13","533.75","473.8","1404","12.33","13.56","241.17","3.83","129.7","116.59","118.37","600","5.92","25.63","240.3","1","19","25","",""
"215",2024/3/1 13:18:17,"306","119.84022","31.71335","26.83","79","26","-81.3","4.29","302;70;159;61;192;56;44;171;67;219","-78.28;-82.39;-82.98;-84.09;-85.63;-87.78;-90.88;-96.47;-116.70;-117.95","476.73","401.37","429.04","1262","9.28","15.05","242.37","4","124.89","114.7","115.37","489","7.65","26","240.43","1","19","25","",""
"216",2024/3/1 13:18:18,"307","119.84029","31.71329","29.02","79","26","-76.95","0.44","302;192;61;159;56;44;171;85;67;219;70","-75.38;-81.54;-84.34;-84.40;-86.02;-90.52;-90.90;-93.31;-116.70;-117.87;-142.73","432.55","392.18","383.63","1262","11.2","13.97","242.08","4","130.09","119.75","119.96","540","10.84","24.7","246","1","19","25","",""
"217",2024/3/1 13:18:19,"307","119.84034","31.71321","29.75","79","26","-77.12","1.6","302;56;192;159;61;44;171;85;219","-76.79;-80.63;-82.64;-85.76;-86.50;-88.36;-90.47;-92.14;-116.45","429.53","381.63","385.67","1261","9.85","13.89","241.47","4","134.94","126.62","120.79","540","11.52","25.05","246","1","19","25","",""
"218",2024/3/1 13:18:20,"307","119.84039","31.71313","31.18","79","26","-78.12","0.84","302;56;61;159;85;171;192;219","-77.72;-79.28;-83.75;-86.22;-90.23;-92.66;-93.72;-115.08","433.09","404.75","398.79","1260","4.21","21.14","245.1","4","137.54","119.25","121.39","540","12.29","23.05","245.96","1","19","25","",""
"219",2024/3/1 13:18:21,"307","119.84041","31.71304","33.1","79","26","-77.51","2.63","302;56;159;44;61;192;85;171;219;97","-76.63;-77.87;-82.09;-82.65;-83.09;-84.73;-87.95;-91.09;-116.25;-122.27","479.15","448.61","443.31","1259","8.91","24.6","244.31","4","131.14","114.83","114.9","540","12.47","21.47","245.97","1","19","25","",""
"220",2024/3/1 13:18:22,"307","119.84043","31.71294","34.97","79","302","-77.6","4.08","56;192;26;61;44;159;67;171;85;219;97","-79.27;-81.89;-82.84;-84.30;-85.13;-86.63;-87.80;-88.60;-99.21;-117.67;-123.37","485.73","460.47","441.23","1257","16.11","17.85","238.53","4","121.49","105.02","106.16","540","13.69","22.64","245.51","1","19","25","",""
"221",2024/3/1 13:18:23,"307","119.84043","31.71285","37.26","79","302","-75.64","2.21","44;56;26;192;61;171;159;67;219;97","-78.28;-79.20;-81.03;-83.91;-85.04;-87.21;-88.41;-88.70;-120.41;-124.66","490.98","392.53","434.9","1262","9.59","22.98","243.25","3.91","125.71","109.49","110.52","540","11.98","25.04","246","1","19","25","",""
"222",2024/3/1 13:18:24,"307","119.84043","31.71274","37.94","79","302","-76.74","2.02","44;26;56;159;192;61;67;171;219;97","-76.44;-80.00;-81.25;-84.22;-84.77;-85.99;-87.49;-88.52;-120.41;-155.98","467.04","408.8","409.72","1262","8.66","21.87","243.3","4","132.9","115.26","116.85","540","11.13","25.06","246","1","19","25","",""
"223",2024/3/1 13:18:25,"307","119.84042","31.71264","39.29","79","302","-76.11","3.17","26;44;56;61;159;171;67;192;219;97","-73.70;-75.27;-77.89;-81.18;-83.03;-89.16;-90.08;-100.17;-122.03;-125.42","505.48","460.3","461.08","1259","6.35","23.49","242.5","4","137.65","120.65","121.2","540","11.42","23.08","246","1","19","25","",""
"224",2024/3/1 13:18:26,"307","119.8404","31.71254","40.76","79","302","-75.9","4.84","26;56;44;61;159;192;67;171;219;97","-74.48;-75.92;-76.84;-79.95;-84.24;-92.63;-97.97;-98.91;-121.52;-129.26","508.16","463.87","466.57","1258","8.98","23.47","243.45","4","132.71","117.54","117.26","540","10.86","22.46","246","1","19","25","",""
"225",2024/3/1 13:18:27,"308","119.84036","31.71243","42.25","79","302","-77.75","3.71","26;56;44;61;85;159;171;67;192;219;97","-75.16;-78.08;-80.41;-81.80;-84.21;-89.58;-98.91;-99.52;-102.95;-117.48;-155.98","510.68","473.03","475.05","1258","6.71","22.28","242.88","4","123.45","109.43","109.35","540","11.21","20.9","246","1","19","25","",""
"226",2024/3/1 13:18:28,"308","119.84031","31.71233","43.45","79","26","-74.54","4.9","61;56;302;44;85;67;159;70;219","-78.59;-78.91;-79.07;-79.98;-84.48;-90.43;-90.55;-93.95;-118.77","457.76","471.56","420.11","1257","10.02","15.37","242.7","4","116.21","103.53","104.15","540","9.95","21.44","245","1","19","25","",""
"227",2024/3/1 13:18:29,"308","119.84025","31.71223","45.48","79","26","-72.44","8.66","61;56;44;302;70;159;219;97;67","-76.34;-79.49;-80.06;-81.17;-88.56;-92.66;-119.41;-121.95;-149.47","391.15","275.33","358.27","1256","8.67","11.36","244.21","4","121.61","109.61","109.46","540","9.58","25.11","246","1","19","25","",""
"228",2024/3/1 13:18:30,"308","119.84017","31.71215","45.14","79","26","-71.2","8.37","61;302;56;44;70;159;219;97;67","-78.40;-78.55;-78.95;-86.89;-88.56;-90.79;-117.72;-125.82;-149.47","352.37","304.14","317.7","1256","7.96","13.06","242.47","4","131.58","115.3","117.46","540","12.66","25.36","245.98","1","19","25","",""
"229",2024/3/1 13:18:31,"308","119.84007","31.71208","45.93","79","26","-70.86","8.03","302;56;61;192;171;44;159;70;219;97","-74.92;-80.88;-81.27;-82.05;-84.62;-84.91;-92.77;-96.67;-118.49;-124.10","380.12","353.38","351.17","1256","6.59","14.43","241.31","4","143.06","126.03","127.31","540","9.49","25.22","246","1","19","25","",""
"230",2024/3/1 13:18:32,"308","119.83998","31.71202","46.76","79","26","-73.05","8.8","302;61;171;192;70;44;159;56;219;97","-76.63;-82.87;-83.76;-84.62;-87.79;-88.04;-88.30;-91.21;-115.82;-124.10","412.55","384.24","384.34","1256","7.23","14.69","245.31","4","142.65","125.53","126.56","540","10.52","24.74","246","1","19","25","",""
"231",2024/3/1 13:18:33,"307","119.83987","31.71196","46.54","79","26","-73.1","9.22","302;61;192;171;56;70;44;219;97","-77.13;-82.60;-84.29;-84.95;-86.20;-87.79;-88.04;-115.68;-125.13","440.7","414.25","415.42","1256","5.14","18.13","241.35","4","140.95","125.02","125.65","540","11.42","24.6","245.9","1","19","25","",""
"232",2024/3/1 13:18:34,"307","119.83975","31.71191","47.49","79","26","-73.73","8.09","302;61;192;70;171;56;44;219;97","-75.66;-80.32;-82.79;-84.15;-85.37;-91.85;-96.27;-112.30;-124.84","481.57","454.33","449.47","1254","8.75","25.03","242.42","4","138.36","122.35","123.36","540","9.47","23.7","245.97","1","19","25","",""
"233",2024/3/1 13:18:35,"308","119.83963","31.71188","47.35","79","26","-73.92","9.36","302;61;171;56;70;192;44;219;97","-75.30;-80.63;-84.14;-89.21;-91.16;-95.21;-100.95;-110.70;-123.11","539.76","519.56","516.1","1256","1.04","26.59","245.43","4","137.77","121.82","123.57","540","9.38","24.76","246","1","19","25","",""
"234",2024/3/1 13:18:36,"307","119.8395","31.71185","47.92","79","26","-76.79","7.99","302;192;61;171;44;56;219;97","-73.88;-79.29;-82.52;-83.36;-86.53;-87.46;-115.82;-120.20","584.14","565.11","567.4","1256","0","26.96","246.19","4","134.72","119.37","120.74","540","11.73","22.99","246","1","19","25","",""
"235",2024/3/1 13:18:37,"307","119.83937","31.71184","48.54","79","26","-76.02","4.13","302;56;192;171;44;67;61;219;97","-75.33;-79.66;-82.54;-90.55;-90.98;-92.94;-93.05;-120.47;-122.59","600.77","588.13","592.14","1256","3.15","26.77","243.47","4","131.17","114.43","117.22","540","10.18","22.62","246","1","19","25","",""
"236",2024/3/1 13:18:38,"307","119.83924","31.71184","48.63","79","26","-75","4.32","302;56;192;44;171;67;219;61;97","-73.59;-80.81;-81.77;-90.54;-90.68;-92.65;-119.04;-129.70;-155.98","598.15","571.34","580.8","1256","5.81","26.08","244.64","4","126.84","112.08","112.4","540","11.13","22.67","246","1","19","25","",""
"237",2024/3/1 13:18:39,"307","119.8391","31.71185","48.56","79","26","-77.23","2.48","302;192;171;56;44;61;67;219","-72.48;-86.91;-87.43;-88.07;-90.23;-94.70;-95.04;-119.40","584.65","548.82","554.9","1256","6.28","25.41","244.32","4","123.63","110.59","110.46","540","9.7","21.85","246","1","19","25","",""
"238",2024/3/1 13:18:40,"307","119.83896","31.71188","49.74","79","302","-78.53","0.68","26;44;192;56;61","-78.27;-84.30;-85.05;-89.55;-90.96","550.33","530.52","515.16","1256","10.71","22.13","241.67","4","118.01","104.32","105.12","540","12.24","21.29","245.01","1","19","25","",""
"239",2024/3/1 13:18:41,"306","119.83884","31.71193","49.9","79","302","-72.48","9.63","26;44;61;56;219","-76.80;-82.41;-88.09;-89.99;-121.92","529.09","530.52","463.95","1245","18.65","23.87","242","4","118.89","104.8","106.01","540","10.69","23.13","245.93","1","19","21","",""
"240",2024/3/1 13:18:42,"307","119.83873","31.71198","49.17","79","302","-73.74","8.41","26;192;44;56;61;219","-77.53;-81.31;-82.75;-88.86;-89.90;-123.70","541.53","494.12","465.89","1256","9.24","26.3","245.42","4","122.45","107.45","109.2","540","9.31","23.21","246","1","19","22","",""
"241",2024/3/1 13:18:43,"307","119.83865","31.71205","49.17","79","302","-73.95","6.81","26;44;85;192;61;56;219","-78.92;-83.13;-83.72;-84.79;-86.79;-109.90;-119.98","578.03","493.33","511","1256","16.18","25.47","241.77","4","128.93","112.46","115.4","540","9.56","22.99","245.97","1","19","22","",""
"242",2024/3/1 13:18:44,"307","119.83856","31.71212","48.88","79","302","-75.7","2.52","26;61;44;85;82;192;70;219;56","-78.95;-81.04;-83.45;-85.87;-87.41;-89.18;-90.34;-120.82;-143.53","580.87","497.75","509.54","1256","14.72","25.1","241.38","4","123.2","110.09","110.14","540","11.15","19.88","246","1","22","24","",""
"243",2024/3/1 13:18:45,"307","119.83848","31.71219","48.24","79","302","-75.78","3.82","26;61;85;44;192;70;82;219","-82.18;-83.44;-85.33;-86.84;-88.02;-91.07;-96.99;-116.92","560.34","482.4","478.38","1256","14.88","24.42","240.96","4","116.3","101.03","103.37","540","11.52","19.88","246","1","19","22","",""
"244",2024/3/1 13:18:46,"306","119.83839","31.71227","48.41","79","302","-76.16","3.76","192;26;61;85;171;44;82;70;219;97","-79.80;-80.22;-83.15;-84.61;-86.80;-87.37;-91.95;-112.68;-115.45;-123.70","551.17","478.44","485.76","1256","8.75","25","241.34","4","109.44","95.91","97.12","540","10.78","19.32","246","1","21","20","",""
"245",2024/3/1 13:18:47,"307","119.83833","31.71238","48.68","79","302","-76.71","4.72","26;192;85;44;56;171;61;82;219;97","-81.67;-81.86;-84.30;-87.09;-88.34;-89.55;-90.88;-94.55;-116.79;-124.23","544.48","489.69","490.76","1256","9.85","24.22","244.12","4","107.75","95.14","95.74","540","10.46","19.3","246","1","21","19","",""
"246",2024/3/1 13:18:48,"307","119.83827","31.71247","48.82","79","302","-78.64","3.12","26;192;85;44;56;171;61;82;70;219;97","-81.92;-82.14;-82.92;-87.93;-88.12;-89.20;-91.77;-96.42;-96.44;-123.95;-155.98","543.44","503.5","507.64","1256","3.18","24.74","245.12","4","106.47","94.49","95.12","540","10.22","19.2","246","1","22","21","",""
"247",2024/3/1 13:18:49,"307","119.83822","31.71257","48.3","79","302","-78.35","3.03","192;56;85;26;82;171;44;61;219;70;97","-80.42;-82.12;-84.44;-85.68;-89.12;-91.41;-92.46;-94.87;-119.22;-121.13;-127.57","543.92","521.25","518.72","1256","3.29","25.01","243.79","4","104.51","93.83","93.46","540","10.88","19.21","246","1","22","21","",""
"248",2024/3/1 13:18:50,"307","119.83818","31.71267","47.74","79","302","-78.53","3.76","192;56;26;171;85;67;82;44;61;219;97","-77.27;-79.72;-88.66;-89.84;-90.02;-91.01;-94.54;-95.37;-95.40;-117.66;-125.84","555.51","528.37","533.11","1256","5.97","25.28","244.79","4","104.26","91.94","93.19","540","11.33","19.2","246","1","22","21","",""
"249",2024/3/1 13:18:51,"308","119.83816","31.71278","47.28","79","302","-78.89","3","192;56;26;159;171;67;61;85;219;97","-78.76;-80.16;-87.27;-88.83;-90.74;-92.84;-107.84;-120.20;-125.34;-126.33","556.71","524.56","527.21","1256","6.68","24.8","243.6","4","102.99","90.55","91.72","540","11.58","18.92","246","1","22","21","",""
"250",2024/3/1 13:18:52,"308","119.83817","31.71289","47.66","79","302","-80.21","3.77","192;26;56;85;159;44;171;70;147;61;219;97","-81.35;-83.71;-85.09;-87.47;-88.59;-90.94;-92.66;-97.39;-104.26;-111.48;-120.51;-125.83","554.69","518.89","529.03","1256","1.99","24.86","244.52","4","103.07","90.15","91.24","540","12.75","19.12","246","1","22","22","",""
"251",2024/3/1 13:18:53,"308","119.83819","31.713","47.35","79","302","-81.38","-0.3","26;192;56;85;159;171;44;147;61;70;219;97","-79.83;-79.98;-85.18;-87.32;-91.99;-92.20;-92.44;-104.26;-111.48;-118.35;-120.01;-125.05","549.5","522.8","524.49","1256","5.79","25.16","242.7","4","103.12","90.28","91.46","540","10.13","19.17","246","1","22","21","",""
"252",2024/3/1 13:18:54,"308","119.83822","31.7131","47.58","79","26","-77.85","6.31","192;302;56;159;171;44;219;97","-78.34;-86.59;-88.09;-89.24;-91.09;-92.96;-119.66;-124.20","518.1","528.27","456.03","1254","23.58","19.11","240.46","4","101.77","89.97","90.19","540","12.57","19.62","245.01","1","19","23","",""
"253",2024/3/1 13:18:55,"308","119.83827","31.7132","48.73","79","26","-77.32","4.95","192;159;302;56;171;219;97","-75.62;-85.59;-86.80;-89.18;-91.09;-114.05;-122.37","544.27","464.4","456.62","1255","11.47","26.6","245.27","4","104.39","91.79","93.03","540","10.37","20.01","246","1","19","20","",""
"254",2024/3/1 13:18:56,"309","119.83832","31.71329","47.85","79","26","-75.35","5.83","192;159;56;219;97","-75.02;-85.59;-90.27;-117.57;-120.33","562.47","488.17","463.42","1259","9.7","26.42","243.43","4","97.37","85.62","85.14","540","15.48","16.76","245.39","1","22","26","",""
"255",2024/3/1 13:18:57,"309","119.8384","31.71338","47.93","79","192","-78.2","3.97","26;159;67","-79.85;-83.76;-89.30","575.26","522.38","507.76","1248","23.19","22.68","238.05","4","92.46","79.69","79.82","537","23.73","18.11","242.14","1","19","18","",""
"256",2024/3/1 13:18:58,"309","119.83849","31.71347","48.51","79","192","-72.4","10.37","26;159;56;67","-79.44;-83.11;-84.81;-91.22","537.71","425.18","466.77","1408","11.51","21.02","241.47","4","99.19","85.94","87.09","600","7.7","21.58","246","1","19","24","",""
"257",2024/3/1 13:18:59,"309","119.83858","31.71355","48.61","79","192","-72.9","9.37","26;159;67;56","-76.59;-82.98;-91.76;-132.02","565.3","440.53","491.01","1410","10.06","26.18","244.31","4","113.87","99.28","102.39","600","8.4","20.8","246","1","19","22","",""
"258",2024/3/1 13:19:00,"310","119.83869","31.71361","48.2","79","192","-74.39","6.01","26;302;159;171;56","-79.89;-81.02;-82.72;-84.41;-85.79","624.72","560.79","548.79","1405","18.61","24.81","240.35","3.84","127.23","114.15","115.9","600","10.2","19.8","246","1","19","21","",""
"259",2024/3/1 13:19:01,"309","119.83879","31.71367","48.53","79","192","-74.05","8.26","56;302;159;26;44;171","-80.23;-80.55;-82.74;-84.02;-84.76;-87.22","657.09","561.46","568.69","1403","12.21","26.3","242.1","3.91","124.04","111.59","112.5","600","9.33","19.91","246","1","19","20","",""
"260",2024/3/1 13:19:02,"310","119.83891","31.71372","48.24","79","192","-75.9","5.64","56;302;159;26;44;171;147","-77.82;-81.46;-84.04;-84.81;-85.95;-88.92;-89.00","644.72","544.63","550.64","1401","16.21","25.22","240.65","3.92","121.65","108.13","108.73","600","11.89","19.36","246","1","22","22","",""
"261",2024/3/1 13:19:03,"309","119.83903","31.71376","48.21","79","192","-75.61","0.75","302;56;26;159;171;44;147","-79.43;-79.43;-79.98;-83.30;-84.09;-84.82;-86.61","634.99","556.87","559.31","1400","8.78","25.06","242.19","4","121.64","107.53","108.87","600","9.54","19.8","246","1","19","21","",""
"262",2024/3/1 13:19:04,"310","119.83916","31.71379","48.34","79","192","-74.9","2.49","44;302;56;26;159;171;147","-79.88;-80.98;-81.71;-82.26;-84.72;-86.52;-87.16","615.95","549.3","552.5","1402","7.39","24.42","242.23","4","121.19","107.11","107.83","600","10.72","19.64","246","1","21","19","",""
"263",2024/3/1 13:19:05,"311","119.83932","31.7138","49.67","79","192","-75.64","4.97","302;44;56;26;159;171;147","-78.93;-79.91;-79.95;-82.12;-85.42;-86.53;-88.01","606.74","558.35","563.37","1406","6.95","24.39","242.36","4","120.75","107.2","108.35","600","10.16","19.49","246","1","21","21","",""
"264",2024/3/1 13:19:06,"311","119.83945","31.7138","50.84","79","192","-76.32","0.92","302;159;26;56;44;147;85;171","-78.59;-81.20;-81.42;-81.55;-82.34;-86.84;-87.88;-88.80","597.8","548.65","554.28","1404","9.7","23.9","241.27","4","119.65","106.68","107.65","600","9.21","19.2","246","1","22","20","",""
"265",2024/3/1 13:19:07,"311","119.83959","31.71379","50.55","79","192","-78.68","-1.63","26;302;159;56;44;171;147;85","-79.05;-81.59;-82.23;-86.19;-89.65;-92.73;-103.32;-106.77","593.44","557.38","559.86","1402","2.35","24.33","244.7","4","119.57","106.76","108.17","600","9.34","19.7","246","1","19","20","",""
"266",2024/3/1 13:19:08,"311","119.83969","31.71377","49.73","79","192","-79.58","-1.84","26;56;159;302;44;171;85","-75.90;-80.25;-85.04;-85.23;-91.92;-95.97;-122.14","602.3","568.48","570.69","1403","5.55","25.3","243.12","4","121.19","108.7","109.22","600","10.51","20.22","246","1","19","19","",""
"267",2024/3/1 13:19:09,"311","119.83972","31.71376","45.89","79","192","-82.24","-2.24","26;302;56;85;159;171;147;70;44","-79.34;-79.47;-83.27;-84.97;-87.02;-92.45;-92.61;-94.96;-112.50","598.78","555.88","561.12","1404","12.44","22.78","241.76","3.91","115.53","103.08","102.58","600","13.56","17.71","245.61","1","22","21","",""
"268",2024/3/1 13:19:10,"311","119.83973","31.71377","41.7","79","192","-83.5","-3.08","302;56;26;159;171;61;70;147","-80.93;-86.51;-87.84;-89.23;-90.31;-91.27;-92.91;-97.89","592.38","549.1","549.46","1403","4.9","24.25","241.27","4","110.52","97.91","97.78","600","9","18.77","243","1","23","22","",""
"269",2024/3/1 13:19:11,"310","119.83972","31.71377","37.87","79","192","-82.29","-1.1","302;26;56;171;61;85;70;159","-75.55;-83.55;-85.10;-88.48;-90.02;-90.22;-93.49;-101.93","582.78","536.77","539.48","1405","9.32","24.12","240.16","3.91","106.95","93.24","93.9","600","12.87","19.52","243","1","22","20","",""
"270",2024/3/1 13:19:12,"311","119.83973","31.71378","32.96","79","26","-80.66","-5.21","302;56;192;44;61;171","-78.41;-79.83;-83.23;-86.09;-87.69;-88.92","545.08","545.69","506.12","1405","13.12","18.72","240.59","4","108.17","93.33","95.31","600","12.74","19.88","243.49","1","22","24","",""
"271",2024/3/1 13:19:13,"311","119.83973","31.71378","28.06","79","26","-73.71","3.31","56;302;159;61;192;44;171","-78.65;-78.98;-84.77;-87.08;-89.56;-90.38;-90.54","496.75","379.34","449.73","1400","5.18","19.96","246.79","4","117.75","101.29","103","600","11.89","22.93","241.29","1","19","22","",""
"272",2024/3/1 13:19:14,"310","119.83972","31.71377","23.56","79","26","-73.94","6.84","56;302;159;192;171","-80.86;-83.72;-85.58;-90.73;-91.44","526.26","499.47","492.83","1404","1.56","26.83","241.58","4","127.48","115.3","112.66","600","9.86","23.11","246","1","19","19","",""
"273",2024/3/1 13:19:15,"310","119.83972","31.71378","21.61","79","26","-73.84","2.65","302;56;192;171;159","-75.84;-78.38;-79.54;-87.91;-90.94","610.88","570.99","559.92","1408","18.13","24.15","240.93","4","138.79","122.99","123.15","600","10.72","21.85","246","1","19","18","",""
"274",2024/3/1 13:19:16,"310","119.83972","31.7138","13.89","79","26","-77.65","-0.19","302;56;192;171;159","-76.89;-78.29;-78.41;-88.23;-89.59","663.9","603.67","605.28","1406","5.21","26.62","244.95","4","135.23","120.27","121.22","600","9.04","20.18","246","1","19","18","",""
"275",2024/3/1 13:19:17,"310","119.83973","31.71384","10.41","79","26","-77.64","-0.57","302;56;192;171","-76.50;-78.32;-78.90;-87.92","655.89","579.47","583.69","1404","9.4","25.73","241.31","4","127.94","114.84","115.07","600","9.84","20.21","246","1","19","18","",""
"276",2024/3/1 13:19:18,"312","119.83974","31.71392","12.59","79","26","-76.91","-0.99","302;192;56;171;159","-76.99;-78.20;-78.43;-88.31;-88.62","657.26","603.12","609.41","1406","6.44","26.27","242.84","4","124.9","111.31","112.11","600","10.5","20.61","246","1","19","17","",""
"277",2024/3/1 13:19:19,"313","119.83975","31.714","12.45","79","26","-76.58","0.4","302;56;192;159;171","-77.40;-78.41;-78.46;-85.09;-89.32","653.02","596.87","608.93","1406","6.38","26","241.15","4","126.19","111.1","112.42","600","11.22","20.84","246","1","19","17","",""
"278",2024/3/1 13:19:20,"312","119.83977","31.7141","16.38","79","26","-75.96","1.12","302;56;192;159;171","-77.31;-78.29;-78.94;-81.01;-89.98","659.05","609.28","614.74","1406","6.54","26.26","244.42","4","127.39","111.77","113.43","600","10.21","20.88","246","1","18","16","",""
"279",2024/3/1 13:19:21,"312","119.83981","31.7142","20.71","79","26","-75.64","1.19","302;56;192;159","-77.92;-78.64;-78.98;-82.02","658.22","611.91","617.5","1408","5.12","26.01","243.68","4","128.62","114.3","114.67","600","9.54","21.3","246","1","18","17","",""
"280",2024/3/1 13:19:22,"311","119.83983","31.71432","23.49","79","26","-75.51","1.18","56;192;302;159","-78.34;-79.23;-79.38;-84.63","657.37","612.26","616.51","1404","7.63","25.87","244.01","4","130.31","115.06","116.81","600","10.2","21.8","246","1","18","17","",""
"281",2024/3/1 13:19:23,"312","119.83986","31.71445","28.29","79","26","-75.4","1.25","302;56;192;159","-77.70;-78.16;-79.71;-85.02","655.94","622.34","625.88","1404","1.56","26.36","245.1","4","135.56","120.52","121.38","600","11","23.04","246","1","19","18","",""
"282",2024/3/1 13:19:24,"312","119.83988","31.71457","36.23","79","26","-75.07","1.87","56;302;192;159","-78.18;-79.71;-80.51;-81.68","657.93","626.23","634.94","1404","4.49","26.01","244","4","140.34","123.48","125.13","600","10.55","23.18","246","1","19","18","",""
"283",2024/3/1 13:19:25,"312","119.8399","31.7147","41.62","79","26","-74.49","2.57","56;302;192;159;61","-77.93;-79.67;-80.71;-81.45;-89.23","659.57","637.61","641.57","1406","1.99","26.42","242.96","4","144.42","128.11","128.11","600","11.2","23.24","246","1","19","18","",""
"284",2024/3/1 13:19:26,"311","119.83992","31.71483","42.72","79","26","-74.14","3.4","56;302;192;159;61","-77.86;-80.27;-80.44;-84.97;-90.30","659.23","634.25","632.8","1408","5.48","26.02","244.03","4","144.96","127.88","129.24","600","9.51","23.21","246","1","19","18","",""
"285",2024/3/1 13:19:27,"311","119.83995","31.71497","51.08","79","26","-73.73","3.45","56;192;171;159;61","-78.15;-79.87;-81.84;-90.86;-92.23","661.94","639.48","642.15","1402","1.14","26.67","244.44","4","145.11","128.77","129.94","600","9.54","23.24","246","1","19","18","",""
"286",2024/3/1 13:19:28,"312","119.83997","31.71509","50.83","79","26","-73.52","4.09","56;171;192;61;159","-78.30;-81.48;-81.59;-90.22;-90.35","665.42","638.72","649.47","1404","1.92","26.58","242.96","3.91","145.29","129.4","130.9","600","9.21","23.4","246","1","19","18","",""
"287",2024/3/1 13:19:29,"312","119.84","31.7152","52.14","79","26","-69.42","9.79","56;192;159;171;61","-81.98;-84.72;-94.78;-102.02;-134.80","669.62","654.89","658.74","1402","1.85","26.91","245.68","3.3","150.22","133.88","134.8","600","10.21","25.27","246","1","19","18","",""
"288",2024/3/1 13:19:30,"312","119.84001","31.71529","53.85","79","26","-69.07","10.62","56;192;159;70;171;61","-80.71;-82.59;-93.36;-94.81;-153.07;-153.85","672.26","653.7","659.26","1406","1.99","26.85","243.39","3.41","155.47","138.32","138.73","600","11.22","25.28","246","1","19","18","",""
"289",2024/3/1 13:19:31,"311","119.84002","31.71533","50.11","79","26","-71.91","6.37","56;171;192;159;61;70","-77.24;-81.07;-83.45;-86.92;-92.24;-129.13","672.71","658.33","663.4","1404","1.42","26.42","245.38","3.92","158.23","138.98","140.41","600","11.03","24.24","246","1","19","20","",""
"290",2024/3/1 13:19:32,"311","119.84002","31.71538","47.79","79","26","-72.77","5.04","56;171;192;159;61","-78.25;-79.26;-83.09;-87.38;-91.61","672.46","659.7","663.15","1400","0","27","245.6","4","155.91","137.85","138.73","600","10.2","24.11","246","1","19","19","",""
"291",2024/3/1 13:19:33,"314","119.83999","31.71544","45.63","79","26","-69.14","9.62","56;171;192;159;61","-79.48;-85.52;-85.88;-88.70;-139.64","673.68","666.82","670.96","1402","0.92","26.83","244.48","3.07","155.87","138.26","139.02","600","10.55","25.27","246","1","19","17","",""
"292",2024/3/1 13:19:34,"313","119.84","31.71548","41.96","79","26","-74.19","3.79","171;159;302;192;56;85;61;70","-79.49;-81.00;-81.11;-81.20;-82.86;-86.17;-93.33;-127.60","673.06","659.59","665.4","1406","2.27","26.69","242.9","3.08","151.36","132.83","134.1","600","12.85","22.14","246","1","19","22","",""
"293",2024/3/1 13:19:35,"315","119.83999","31.71548","37.45","79","26","-78.07","6.75","159;302;192;85;56;171;44;70;61","-81.35;-83.44;-84.77;-85.35;-86.38;-87.82;-89.88;-92.94;-92.95","663.42","644.53","647.86","1408","3.78","25.14","242.19","3","145.67","126.5","127.59","600","13.9","22.48","246","1","19","25","",""
"294",2024/3/1 13:19:36,"314","119.83999","31.71547","30.38","79","26","-77.6","3.4","159;171;44;56;302;61;192;85;70","-79.14;-83.36;-87.42;-87.43;-89.13;-89.56;-90.95;-132.94;-150.53","662.59","641.9","646.82","1402","1.63","26.6","245.02","3","148.33","130.94","133.57","600","4.16","26.12","246","1","18","16","",""
"295",2024/3/1 13:19:37,"313","119.83999","31.71546","27.74","79","26","-77.08","3.99","159;171;56;61;192;85","-78.36;-81.72;-88.23;-88.57;-89.40;-95.47","663.79","645.83","653.33","1404","1.34","26.79","242","3","156.9","140.92","143.5","600","8.5","25.91","246","1","15","13","",""
"296",2024/3/1 13:19:38,"312","119.83999","31.71545","22.44","79","26","-77.4","3.87","159;171;61;192;56","-77.22;-82.92;-87.88;-92.50;-92.95","670.93","660.33","664.23","1404","0","26.98","245.43","3","167.19","150.74","153.95","600","10.72","26","246","1","15","13","",""
"297",2024/3/1 13:19:39,"311","119.83999","31.71545","14.51","79","26","-77.99","2.67","159;171;61;192;56;85","-77.54;-81.20;-88.48;-89.06;-92.89;-115.27","670.52","660.63","666.74","1402","0.57","26.58","242.9","3","167.04","152.03","154.36","600","3.51","25.99","246","1","16","14","",""
"298",2024/3/1 13:19:40,"311","119.83999","31.71544","10.93","79","26","-78.02","3","159;171;61;192;85;56","-77.37;-80.74;-89.33;-91.00;-95.96;-96.35","672.12","659.87","664.05","1402","3.2","25.85","243.77","3","167.42","159.1","159.21","600","0","26","246","1","17","15","",""
"299",2024/3/1 13:19:41,"311","119.83998","31.71544","9.48","79","26","-80.19","3.92","159;85;61;56;192;171","-77.77;-81.59;-90.24;-90.67;-90.88;-115.56","670.17","653.12","658.36","1404","1.92","26.3","243.58","3.23","167.46","164.1","163.09","600","4.17","26","246","1","19","17","",""
"300",2024/3/1 13:19:42,"311","119.84","31.71544","8.01","79","159","-78.53","5.88","85;26;61;56;192","-81.61;-83.18;-86.38;-87.67;-90.77","599.99","653.12","556.47","1404","18.58","18.75","234.73","4","156.44","145.73","148.81","600","13.73","23.64","243.74","1","19","25","",""
"301",2024/3/1 13:19:43,"311","119.84006","31.71543","7.43","79","159","-78.35","6.33","85;26;61;56;192","-81.65;-83.59;-86.00;-87.37;-92.38","547.59","460.31","495.98","1406","8.77","21.92","240.36","4","151.64","139.92","139.03","600","9.53","24.1","246","1","19","25","",""
"302",2024/3/1 13:19:44,"311","119.84012","31.71542","8.77","79","159","-77.75","7.27","85;26;56;61;192","-82.31;-83.63;-85.38;-86.33;-93.02","518.74","475.93","459.74","1404","8.34","22.59","240.17","4","145.92","129.73","130.22","600","10.72","23.77","246","1","19","25","",""
"303",2024/3/1 13:19:45,"312","119.84027","31.71539","13.38","79","159","-77.54","7.2","26;85;56;61;192","-82.47;-83.56;-83.63;-86.33;-91.52","544.97","501.64","503.99","1404","10.34","23.28","239.82","4","151.04","134.32","135.87","600","9.51","23.63","246","1","19","25","",""
"304",2024/3/1 13:19:46,"312","119.84038","31.71537","17.2","79","159","-77.96","7.06","56;26;85;192","-82.13;-83.61;-83.77;-91.30","555.82","505.21","510.19","1402","10.21","22.7","241.81","4","149.53","132.6","133.99","600","10.05","23.63","246","1","19","25","",""
"305",2024/3/1 13:19:47,"312","119.84051","31.71534","21.85","79","159","-79.85","4.75","26;56;192;61","-79.89;-80.78;-91.41;-97.93","533.69","476.46","484.41","1400","12.07","16.41","241.95","4","149.64","133.27","134.79","600","9.51","23.82","246","1","19","25","",""
"306",2024/3/1 13:19:48,"314","119.84065","31.7153","27","79","159","-74.03","4.39","26;56;61;192","-78.80;-81.64;-88.52;-89.53","490.91","439.73","445.15","1404","8.12","18.46","241.96","4","148.56","132.91","133.83","600","9.34","23.24","246","1","19","25","",""
"307",2024/3/1 13:19:49,"314","119.84079","31.71524","29.65","79","159","-74.14","5.35","26;56;61;192","-82.37;-82.69;-86.51;-90.92","458.48","415.83","416.53","1404","7.97","19.2","241.56","4","149.86","134.18","134.99","600","10.72","24.1","246","1","19","25","",""
"308",2024/3/1 13:19:50,"313","119.84094","31.71519","35.14","79","159","-75.88","2.27","26;56;61;192","-77.42;-81.10;-90.14;-90.63","459.33","418.37","420.95","1402","9.38","18.16","241.96","4","150.94","134.43","135.63","600","10.51","24.31","246","1","19","25","",""
"309",2024/3/1 13:19:51,"313","119.84108","31.71512","40.27","79","159","-77.58","-0.38","26;56;192;61","-75.85;-82.37;-86.19;-121.13","458.64","414.66","418.36","1406","8.83","16.73","241.98","4","154.3","137.89","138.75","600","9.21","24.64","246","1","19","25","",""
"310",2024/3/1 13:19:52,"313","119.84122","31.71504","45.69","79","159","-79.85","-2.05","26;56;192;61","-78.78;-80.10;-85.23;-87.75","455.29","411.92","416.14","1404","7.83","18.9","243.73","4","156.23","139.01","139.84","600","11.16","25.13","246","1","19","25","",""
"311",2024/3/1 13:19:53,"313","119.84135","31.71495","54.03","79","159","-84.03","-8.19","26;70;61;56;192","-80.35;-81.30;-81.43;-82.13;-86.98","460.84","425.13","427.98","1400","5.76","16.49","244.09","4","157.65","140.73","141.67","600","9.5","25.08","246","1","19","25","",""
"312",2024/3/1 13:19:54,"312","119.84147","31.71487","57.5","79","159","-96.67","-12.54","26;70;61;56;192","-79.90;-79.94;-82.27;-84.06;-88.23","485.48","454.96","455.3","1403","6.84","15.55","241.83","4","158.05","140.13","141.15","600","10.88","24.8","246","1","19","25","",""
"313",2024/3/1 13:19:55,"312","119.84159","31.71477","57.48","79","70","-82.65","-3.48","26;159;61;56;192;171","-79.87;-84.53;-84.67;-84.81;-90.37;-91.82","480.08","454.37","423.79","1403","18.14","13.71","238.84","4","143.82","125.72","126.94","600","15.9","20.51","244.26","1","19","25","",""
"314",2024/3/1 13:19:56,"312","119.84171","31.71467","57.94","79","70","-81.05","-0.78","26;61;159;56;192;171","-76.73;-81.07;-84.29;-84.55;-89.27;-93.66","519.67","514.64","459.89","1403","8.23","24.44","243.55","4","136.86","120.39","120.66","600","9.84","22.24","246","1","19","25","",""
"315",2024/3/1 13:19:57,"312","119.84182","31.71455","60.21","79","70","-81.07","-1.65","61;26;56;192;159","-77.95;-79.09;-83.13;-84.95;-86.48","552.41","529.65","483.5","1403","11.01","24.3","243.07","4","132.73","117.56","117.38","600","9.84","23.19","246","1","19","25","",""
"316",2024/3/1 13:19:58,"312","119.84193","31.71443","62.97","79","70","-81.8","-1.46","26;61;56;159;302;192","-76.55;-77.07;-80.30;-88.32;-88.66;-88.86","603.42","548.11","551.66","1403","8.41","23.72","242.62","4","141.82","125.95","127.69","600","9.54","23.14","246","1","19","25","",""
"317",2024/3/1 13:19:59,"312","119.84203","31.71431","62.57","79","26","-80.97","-0.81","61;56;70;159;302;192","-75.98;-79.60;-81.88;-84.43;-85.20;-85.40","580.91","550.92","535.71","1402","7.73","22.26","242.88","4","138.68","125.73","124.52","600","11.87","22.54","244.65","1","19","25","",""
"318",2024/3/1 13:20:00,"313","119.8421","31.71418","62.96","79","26","-77.92","5.25","61;56;70;302;159;192","-76.55;-79.56;-82.65;-84.63;-85.27;-86.66","528.82","422.93","483.7","1404","13.42","14.15","239.39","3.83","139.36","123.09","124.91","568","10.05","25.39","238.96","1","19","21","",""
"319",2024/3/1 13:20:01,"312","119.84218","31.71405","63.35","79","26","-77.39","5.07","61;56;302;70;192;159","-77.45;-80.08;-81.78;-82.48;-84.31;-85.42","501.89","431.7","453.13","1404","10.98","14.88","240.67","4","146.01","128.94","130.48","600","11.03","25.49","246","1","19","17","",""
"320",2024/3/1 13:20:02,"312","119.84225","31.71392","63.54","79","26","-79.8","2.31","61;56;70;302;159;192","-78.18;-80.38;-81.23;-82.23;-84.48;-86.48","456.63","417.12","414.96","1403","5.48","12.3","242.9","3.83","151.75","132.8","135.46","600","10.88","23.03","246","1","19","19","",""
"321",2024/3/1 13:20:03,"313","119.84231","31.71381","63.26","79","26","-79.15","2.53","61;56;70;159;192;302","-79.17;-80.43;-81.91;-84.70;-86.39;-90.06","463.34","431.73","428.61","1405","6.12","15.89","241.65","3.76","150.66","133.83","133.74","600","11.35","23.24","246","1","19","19","",""
"322",2024/3/1 13:20:04,"312","119.84236","31.71367","64","79","26","-79.39","2.85","61;56;70;192;159;302","-79.26;-79.85;-81.71;-84.83;-86.41;-91.47","501.94","472.08","467.83","1405","8.48","18.63","240.36","3.58","143.25","125.33","126.95","600","11.39","22.58","246","1","19","19","",""
"323",2024/3/1 13:20:05,"312","119.84241","31.71354","63.73","79","26","-80.48","2.4","61;56;302;70;192;159","-79.58;-79.73;-83.60;-84.05;-84.66;-87.80","566.36","520.37","525.94","1404","6.9","24.15","241.64","3.3","141.12","124.65","125.33","600","9.68","22.36","246","1","19","20","",""
"324",2024/3/1 13:20:06,"310","119.84246","31.7134","63.88","79","26","-78.73","0.15","61;56;302;192;159","-78.31;-79.38;-84.02;-84.78;-89.08","599.63","553.45","553.76","1404","6.92","23.98","242.06","3.41","140.32","124.07","125","600","10.83","22.97","246","1","19","18","",""
"325",2024/3/1 13:20:07,"310","119.84249","31.71325","63.59","79","26","-78.28","1.66","61;56;302;192;159;67","-76.29;-76.95;-82.77;-85.84;-91.27;-136.95","624.88","583.72","589.07","1401","3.62","26.23","241.79","3.3","140.98","124.63","126.57","600","8.86","22.89","246","1","19","18","",""
"326",2024/3/1 13:20:08,"312","119.84249","31.7131","63.51","79","26","-78.04","1.49","61;56;302;192;67","-75.10;-76.94;-78.34;-82.39;-126.83","643.26","613.5","614.31","1404","3.27","25.56","242.76","3.41","143.49","126.79","128.2","600","10.68","23.24","246","1","19","18","",""
"327",2024/3/1 13:20:09,"312","119.84252","31.71295","64.01","79","26","-78.5","1.51","61;302;56;192;67","-76.34;-77.16;-77.80;-90.48;-126.83","639.31","609.57","614.79","1408","6.62","20.77","238.29","4","143.4","126.83","127.77","600","11.7","22.93","246","1","19","18","",""
"328",2024/3/1 13:20:10,"313","119.84252","31.7128","64.32","79","26","-78.28","1.63","56;61;302;192;85;67","-76.79;-77.66;-78.45;-87.35;-89.26;-102.68","627.18","585.09","584.81","1404","12.4","21","239.54","3.91","143.44","125.75","127.23","600","10.05","22.91","246","1","19","18","",""
"329",2024/3/1 13:20:11,"311","119.84252","31.71266","64.02","79","26","-76.84","2.62","302;56;61;85;67","-74.82;-77.04;-80.63;-92.19;-128.77","626.17","585.73","587.76","1402","2.35","25.21","243.1","3.07","147.04","129.08","130.62","600","10.51","24.7","246","1","19","17","",""
"330",2024/3/1 13:20:12,"312","119.8425","31.71252","63.94","79","26","-76.71","1.09","302;56;61;67","-76.90;-77.89;-78.83;-102.78","635.82","605.86","605.2","1406","1.77","26.36","241.36","3.25","152.51","137.24","136.5","600","10.01","25.13","246","1","19","17","",""
"331",2024/3/1 13:20:13,"313","119.84249","31.71237","63.57","79","26","-77.82","-0.39","302;56;61;192;67","-75.93;-78.57;-80.23;-87.16;-104.97","654.93","637.81","642.78","1406","1.78","26.53","245.17","3.46","158.23","140.27","141.58","600","10.35","25.18","246","1","19","18","",""
"332",2024/3/1 13:20:14,"313","119.84246","31.71223","64.41","79","26","-78.82","-0.75","302;56;61;192;67","-77.09;-77.99;-78.66;-89.35;-103.56","662.66","643.95","649.57","1404","2.84","26.56","242.89","3.16","158.73","140.58","142.21","600","9.84","24.95","246","1","19","19","",""
"333",2024/3/1 13:20:15,"312","119.84242","31.7121","64.94","79","26","-79.85","-0.71","56;61;302;85;192;67","-77.02;-79.13;-79.18;-85.68;-127.77;-132.34","667.24","650.44","655.3","1406","0.85","26.72","243.43","3.53","155.5","137.86","138.89","600","10.7","23.63","246","1","19","20","",""
"334",2024/3/1 13:20:16,"312","119.84239","31.71196","64.75","79","26","-80.5","-0.59","302;56;61;85;67;192","-76.32;-76.35;-79.52;-81.80;-132.34;-141.76","664.86","645.77","650.85","1406","2.77","26.67","241.51","3.16","153.36","136.37","138.12","600","8.71","24.14","246","1","19","21","",""
"335",2024/3/1 13:20:17,"312","119.84234","31.71183","64.08","79","26","-80.46","-0.66","56;302;61;85;67;192","-76.48;-77.87;-79.14;-82.23;-96.70;-114.37","666.16","650.29","653.84","1406","2.21","26.78","243.64","3.15","153.6","137.22","137.72","600","11.05","25.09","246","1","19","19","",""
"336",2024/3/1 13:20:18,"312","119.84228","31.7117","63.27","79","26","-81.79","-0.23","302;56;61;85;171;67;192","-76.57;-77.31;-78.97;-82.59;-95.09;-98.21;-114.37","666","647.5","651","1404","2.21","26.71","242.83","3","155.75","138.49","139.99","600","10.38","24.55","246","1","19","19","",""
"337",2024/3/1 13:20:19,"312","119.8422","31.71158","62.79","79","26","-81.79","-1.01","302;56;61;85;171;67","-74.84;-78.14;-78.76;-80.78;-92.27;-137.63","668.19","653.76","657.24","1402","0.78","26.91","244.93","3","157.78","139.08","140.51","600","10.83","25.15","246","1","19","18","",""
"338",2024/3/1 13:20:20,"311","119.84213","31.71144","63.08","79","26","-81.96","-1.08","302;61;56;85;159","-74.02;-78.22;-78.45;-79.80;-94.61","670.95","657.95","661.59","1402","1.28","26.8","244.74","3.5","156.69","139.94","139.34","600","11.22","24.59","246","1","19","18","",""
"339",2024/3/1 13:20:21,"312","119.84205","31.71132","62.3","79","26","-75.95","0.39","302;56;61;85;171;159","-73.23;-78.70;-78.87;-79.52;-88.11;-89.74","671.51","656.3","659.88","1404","3.26","26.53","243.52","3.76","156.45","136.98","139.27","600","9.88","24.44","246","1","19","18","",""
"340",2024/3/1 13:20:22,"311","119.84195","31.71119","62.92","79","26","-76.14","-1.4","302;56;61;85;171","-72.68;-79.15;-79.72;-80.66;-86.52","669.78","642.24","653.57","1406","4.91","26.63","241.68","4","154.19","135.68","137.29","600","11.01","24.12","246","1","19","18","",""
"341",2024/3/1 13:20:23,"310","119.84185","31.71107","63.16","79","26","-76.79","-1.82","302;61;56;85;171","-73.48;-79.76;-80.52;-80.75;-88.84","659.23","619.99","621.6","1408","10.22","25.71","240.44","4","150.71","133.37","135.01","600","9.38","23.21","246","1","19","18","",""
"342",2024/3/1 13:20:24,"309","119.84175","31.71096","62.71","79","302","-72.07","6.46","26;61;56;85;171","-77.23;-80.73;-80.80;-80.98;-86.23","590.53","483.93","545.16","1406","11.68","18.56","239.75","4","142.4","127.3","127.65","600","10.54","23.76","245.07","1","19","19","",""
"343",2024/3/1 13:20:25,"309","119.84165","31.71086","62.27","79","302","-71.42","6.48","26;61;171;56;85","-77.10;-80.05;-83.81;-84.24;-84.91","482.32","358.33","431.59","1401","12.08","11.07","243.35","3.84","144.97","128.71","129.67","600","11.35","25.23","246","1","19","18","",""
"344",2024/3/1 13:20:26,"310","119.84152","31.71077","62.6","79","302","-71.87","5.48","26;61;85;56;171","-77.80;-79.13;-82.12;-83.80;-84.06","415.87","336.89","375.89","1404","5.7","17.84","243.01","4","149.35","133.04","133.26","600","10.01","25.19","246","1","19","18","",""
"345",2024/3/1 13:20:27,"310","119.84143","31.71067","61.94","79","302","-71.87","4.87","26;61;85;171;56;44;192","-78.84;-82.23;-83.17;-84.61;-84.89;-87.22;-90.84","508.66","490.58","481.76","1404","2.05","26.84","244","4","159.66","140.63","142.01","600","10.16","25.19","246","1","19","18","",""
"346",2024/3/1 13:20:28,"311","119.84131","31.71058","61.92","79","302","-72.23","4.81","26;85;61;171;192;44;56","-78.58;-82.65;-82.91;-85.70;-89.52;-89.57;-90.86","614.88","579.37","596.48","1404","3.92","26.55","242.67","4","159.46","140.77","142.53","600","10.18","25.15","246","1","19","18","",""
"347",2024/3/1 13:20:29,"312","119.84116","31.71049","63.39","79","302","-73.37","3.04","61;26;85;171;192;44;56","-78.17;-79.16;-80.86;-86.41;-89.27;-91.31;-95.14","670.04","643.28","649.03","1404","2.13","26.85","243.62","4","158.41","139.9","141.58","600","10.85","24.73","246","1","19","19","",""
"348",2024/3/1 13:20:30,"312","119.84101","31.71042","62.88","79","302","-73.56","2.25","61;26;85;171;192;67;56","-78.91;-79.09;-79.97;-85.06;-92.40;-92.80;-94.76","671.45","646.87","650.65","1404","1.06","26.92","245.41","4","158.46","140.53","141.49","600","10.5","25.19","246","1","19","19","",""
"349",2024/3/1 13:20:31,"311","119.84086","31.71035","62.62","79","302","-73.9","2.36","26;61;85;171;56;67;70;192","-78.39;-80.51;-83.09;-85.21;-86.85;-92.36;-102.38;-154.16","672.1","651.43","655.1","1404","3.99","26.59","244.01","3.92","158.6","140.95","141.15","600","10.53","25.21","246","1","19","18","",""
"350",2024/3/1 13:20:32,"312","119.8407","31.71028","63.32","79","302","-74.18","2.49","26;85;61;171;44;56;67;70","-80.55;-84.33;-85.13;-85.16;-86.06;-87.63;-97.04;-131.24","673.29","654.09","657.98","1402","1.35","26.91","243.75","4","159.85","140.36","141.65","600","12.18","25.26","246","1","19","19","",""
"351",2024/3/1 13:20:33,"312","119.84053","31.71023","63.13","79","302","-74.3","2.95","26;61;171;85;44;56;67","-79.80;-82.28;-84.39;-85.37;-87.67;-90.98;-95.38","671.17","645.92","651.88","1406","3.97","26.58","243.69","4","159.89","140.33","141.93","600","10","25.2","246","1","19","19","",""
"352",2024/3/1 13:20:34,"312","119.84037","31.71018","63.86","79","302","-75.58","4.02","26;171;61;56;44;70;67;192","-80.26;-85.32;-85.60;-86.16;-86.91;-94.29;-98.19;-119.29","670.26","651.09","653.38","1406","1.84","26.8","243.54","4","159.83","140.63","142.06","600","10.18","25.19","246","1","19","19","",""
"353",2024/3/1 13:20:35,"311","119.84022","31.71014","62.84","79","302","-76.91","3.89","26;44;61;171;85;70;56;192;67","-81.40;-83.55;-85.78;-87.30;-90.70;-91.03;-92.20;-96.91;-100.29","672.3","642.18","648.72","1406","4.85","26.6","243.52","3.38","158.87","140.75","142.36","600","10.55","24.87","246","1","19","18","",""
"354",2024/3/1 13:20:36,"311","119.84006","31.7101","63.26","79","302","-71.28","8.38","26;44;171;85;192;56;70;61;67","-81.69;-82.59;-85.77;-86.70;-87.36;-88.33;-88.47;-88.51;-100.20","668.94","643.02","647.75","1406","2.84","26.72","241.52","3.08","158.03","140","142.21","600","9.21","24.88","246","1","19","17","",""
"355",2024/3/1 13:20:37,"310","119.83989","31.71006","65","79","302","-71.17","11.11","44;26;171;192;56;85;61;70","-80.60;-81.73;-87.45;-89.52;-91.55;-95.28;-101.70;-137.45","670.14","646.44","651.62","1405","0.42","26.95","244.67","3.15","157.4","140.08","141.33","600","10.51","24.98","246","1","19","18","",""
"356",2024/3/1 13:20:38,"309","119.83972","31.71005","65.41","79","302","-71.5","11.6","44;26;192;171;61;67;85;56;70","-79.23;-82.02;-86.41;-88.31;-90.36;-90.54;-93.82;-95.21;-116.77","670.78","657.51","661.43","1403","1.92","26.82","243.74","3.41","156.69","139","140.35","600","10.72","24.42","246","1","19","18","",""
"357",2024/3/1 13:20:39,"311","119.83956","31.71002","64.45","79","302","-71.53","11.24","44;26;192;171;61;56;67;70","-81.73;-82.53;-85.70;-89.42;-90.44;-91.32;-98.38;-142.02","673.29","658.75","664.13","1402","1.64","26.87","244.05","3.07","155.58","138.66","139.46","600","9.04","24.2","246","1","19","18","",""
"358",2024/3/1 13:20:40,"311","119.83938","31.71001","64.34","79","302","-71.92","10.87","44;26;192;171;67;56;61;70","-81.71;-82.20;-86.20;-87.84;-88.48;-90.55;-120.32;-137.15","672.23","656.75","661.68","1401","0.99","26.83","245.1","3","154.1","138","138.74","600","9.68","24.16","246","1","19","18","",""
"359",2024/3/1 13:20:41,"312","119.83922","31.71002","63.98","79","302","-72.53","10.15","44;26;85;192;171;67;56;61;70","-81.37;-83.93;-86.28;-88.66;-90.22;-95.45;-96.99;-100.39;-155.96","670.4","660.69","663.58","1401","0.42","26.98","243.56","3","153.56","137.67","138.96","600","9.5","24.14","246","1","19","19","",""
"360",2024/3/1 13:20:42,"312","119.83904","31.71003","64.62","79","302","-73.41","9.91","85;44;26;192;67;171;70","-83.48;-83.75;-87.05;-87.30;-89.09;-89.46;-92.07","671.44","660.31","663.58","1402","1.99","26.83","244.8","3","152.93","136.75","137.36","600","11.05","23.89","246","1","19","20","",""
"361",2024/3/1 13:20:43,"312","119.83887","31.71005","64.3","79","302","-73.46","10.02","85;44;192;67;26;61;171;70;56","-83.39;-85.62;-87.56;-87.63;-88.79;-89.62;-90.95;-92.69;-95.91","671.17","654.92","659.89","1403","2.71","26.71","242.55","3.07","150.6","134.12","134.87","600","10.2","23.42","246","1","19","20","",""
"362",2024/3/1 13:20:44,"311","119.83872","31.71008","63.14","79","302","-73.82","9.68","85;26;61;192;44;171;67;70;56","-82.28;-86.19;-88.46;-88.65;-88.65;-89.75;-90.66;-94.54;-95.20","672.64","653.56","659.11","1403","1.42","26.94","243.81","3.5","148.13","131.34","132.4","600","9.83","23.25","246","1","19","20","",""
"363",2024/3/1 13:20:45,"312","119.83856","31.71011","63.94","79","302","-74.16","8.87","44;26;85;67;61;192;171;56;70","-79.77;-83.41;-84.97;-88.91;-89.40;-91.71;-91.75;-93.42;-94.31","671.41","647.11","657.4","1402","3.35","26.75","242.58","3.69","146.15","129.74","130.89","600","10.18","23.32","246","1","19","21","",""
"364",2024/3/1 13:20:46,"311","119.8384","31.71015","63.95","79","302","-74.8","9.07","44;26;61;85;192;67;171;56;70","-80.68;-81.24;-85.95;-86.99;-89.87;-90.98;-92.07;-92.40;-97.81","669.11","647.02","649.78","1402","3.78","26.81","243.47","4","145.55","128.93","130.2","600","9.86","23.27","245.73","1","19","21","",""
"365",2024/3/1 13:20:47,"311","119.83824","31.7102","63.36","79","302","-75.54","7.04","44;26;61;192;85;67;56;70;171","-80.75;-81.55;-87.02;-88.27;-89.23;-89.84;-91.57;-94.45;-107.34","670.64","647.94","651.87","1403","1.21","26.88","245.4","4","143.68","126.79","128.35","600","10.05","22.48","246","1","19","22","",""
"366",2024/3/1 13:20:48,"311","119.8381","31.71024","62.38","79","302","-76.1","6.91","44;26;192;61;85;56;67;70;171","-81.48;-83.03;-88.05;-88.95;-89.10;-90.70;-92.30;-94.77;-99.77","667.68","650.24","653.74","1404","3.27","26.64","241.33","4","138.58","122.57","123.67","600","10.38","21.2","246","1","19","22","",""
"367",2024/3/1 13:20:49,"311","119.83797","31.71029","62.05","79","302","-77.19","8.23","44;26;192;56;61;85;70;67","-80.36;-82.68;-84.38;-86.09;-90.41;-91.29;-94.69;-95.55","666.73","649.37","652.37","1403","2.14","26.76","245.5","4","130.51","115.72","116","600","11.55","19.53","246","1","22","22","",""
"368",2024/3/1 13:20:50,"311","119.83784","31.71036","61.05","79","302","-78.73","8.41","44;192;26;67;56;61;85;70","-79.57;-82.27;-83.33;-86.88;-87.85;-90.35;-91.79;-96.24","662.01","634.61","637.05","1402","6.03","26.35","241.71","4","123.56","108.87","109.71","600","10.86","19.22","246","1","22","23","",""
"369",2024/3/1 13:20:51,"311","119.83771","31.71042","60.57","79","302","-77.71","6.96","26;44;192;56;85;67;61","-78.95;-83.60;-87.35;-88.54;-89.49;-98.63;-143.77","664.74","630.07","633.22","1403","5.66","26.61","244.79","4","119.38","105.13","106.17","600","9.76","19.28","246","1","22","21","",""
"370",2024/3/1 13:20:52,"311","119.83759","31.71049","59.48","79","302","-75.21","6.89","26;192;44;85;67;61;56","-78.52;-85.37;-85.80;-86.55;-91.10;-93.19;-98.32","663.45","611.38","612.9","1402","10.05","25.98","243.04","4","118.82","105.34","106.08","600","10.21","19.19","246","1","22","21","",""
"371",2024/3/1 13:20:53,"312","119.83746","31.71057","58.8","79","302","-75.21","9.15","26;85;192;67;56;44;61","-78.54;-80.82;-86.83;-89.91;-91.17;-91.21;-94.24","659.05","607.69","610.09","1403","5.81","26.34","242.07","4","118.79","105.48","106.33","600","10.16","19.2","246","1","22","21","",""
"372",2024/3/1 13:20:54,"312","119.83733","31.71065","59.07","79","302","-75.74","7.68","26;85;192;61;171;67;44;56","-78.12;-79.89;-86.16;-93.59;-93.63;-93.72;-96.51;-107.41","658.42","597.19","602.9","1401","8.56","26.08","245.36","4","119.22","105.53","106.7","600","10.18","19.2","246","1","22","21","",""
"373",2024/3/1 13:20:55,"312","119.83723","31.71072","57.58","79","302","-76.04","6.82","26;85;44;192;67;171","-79.02;-81.33;-85.72;-87.59;-92.87;-94.92","653.73","609.3","613.6","1401","4.57","26.11","242.3","4","119.17","105.75","106.26","600","11.18","19.29","246","1","21","20","",""
"374",2024/3/1 13:20:56,"313","119.83712","31.71081","57.23","79","302","-76.64","7.57","85;26;44;192;171;67","-79.54;-81.75;-86.43;-88.53;-92.75;-97.78","651.4","603.52","608.5","1401","7.35","25.72","243.55","4","118.43","105.18","105.9","600","10.38","19.24","246","1","22","20","",""
"375",2024/3/1 13:20:57,"312","119.83702","31.71088","55.68","79","302","-77.04","6.22","85;26;192;44;171;67","-78.90;-84.07;-85.07;-88.73;-93.44;-94.77","644.49","606.03","610.74","1402","4.85","25.72","244.71","4","117.77","104.56","105.43","600","10.35","19.23","246","1","22","21","",""
"376",2024/3/1 13:20:58,"312","119.83692","31.71098","55.94","79","302","-77.12","6.36","85;26;44;192;171;56","-79.84;-83.75;-86.06;-87.88;-92.34;-94.64","641.38","593.21","597.87","1403","8.49","25.41","244.02","4","117.05","104.73","105.47","600","9.54","19.28","246","1","22","20","",""
"377",2024/3/1 13:20:59,"311","119.83684","31.71107","54.86","79","302","-77.35","6.53","85;26;192;44;56","-79.45;-82.34;-85.66;-85.92;-96.53","628.92","576.6","583.31","1401","9.57","24.81","241.31","4","117.1","105.07","106.08","600","9.38","19.18","246","1","22","20","",""
"378",2024/3/1 13:21:00,"312","119.83674","31.71116","54.96","79","302","-78.71","4.28","85;26;192;44;56;70","-80.09;-80.62;-86.89;-87.16;-94.98;-95.24","611.21","555.25","558.68","1401","9.87","23.98","241.68","4","117.28","105.28","105.85","600","11.16","19.09","246","1","22","21","",""
"379",2024/3/1 13:21:01,"313","119.83666","31.71125","54.65","79","302","-80.92","2.04","85;26;192;44;70","-80.34;-80.53;-82.07;-85.86;-95.45","597.63","548.66","551.03","1402","5.63","24.21","242.89","4","115.17","101.15","102.85","600","10.88","19.01","246","1","22","22","",""
"380",2024/3/1 13:21:02,"313","119.8366","31.71135","54.16","79","302","-81.25","1.37","26;85;192;44;70","-79.99;-80.19;-80.36;-87.41;-95.45","599.21","552.46","557.01","1403","7.63","24.53","242.22","3.91","114.79","100.87","101.92","600","10.38","19.03","246","1","22","20","",""
"381",2024/3/1 13:21:03,"314","119.83652","31.71146","53.92","79","302","-80.5","1.64","192;85;26;44;56;159","-78.58;-79.53;-81.29;-86.15;-91.73;-92.98","607.82","561.37","565.98","1404","7.56","24.6","244.76","4","114.51","101.43","102.13","600","10.2","19.15","246","1","22","21","",""
"382",2024/3/1 13:21:04,"313","119.83647","31.71158","53.42","79","302","-80.91","0.7","192;85;26;44;56;159","-77.98;-79.16;-82.05;-84.66;-87.68;-88.87","606.11","547.16","552.4","1402","9.49","23.8","243.49","4","114.96","100.69","101.11","600","14.35","18.96","246","1","22","21","",""
"383",2024/3/1 13:21:05,"313","119.83642","31.71168","53.35","79","302","-80.71","-0.05","192;85;26;44;56;159","-78.16;-78.87;-83.05;-84.29;-86.31;-91.23","597.96","541.65","544.01","1402","8.13","23.67","244.15","4","112.61","97.72","99.17","600","9.54","18.92","246","1","22","22","",""
"384",2024/3/1 13:21:06,"312","119.83637","31.71179","52.75","79","302","-81.4","-0.41","85;192;26;56;44;159","-78.14;-81.43;-83.80;-84.77;-87.05;-91.65","574.3","518.67","521.8","1403","9.56","22.36","243.92","4","109.16","95.62","95.77","600","11.51","18.57","246","1","22","23","",""
"385",2024/3/1 13:21:07,"311","119.83633","31.7119","52.16","79","302","-82.03","1.8","85;192;44;26;56","-78.70;-80.78;-84.88;-84.89;-85.93","556.2","505.24","510.77","1403","8.09","22.22","242.82","4","106.68","93.32","95.24","600","10.51","18.17","246","1","22","22","",""
"386",2024/3/1 13:21:08,"311","119.83629","31.71202","52.75","79","302","-81.01","2.29","192;85;56;44;26;159;61","-79.30;-82.67;-84.99;-85.70;-86.52;-90.44;-93.26","541.77","498.38","502.69","1403","6.77","22.21","243.77","4","106.41","93.06","94.54","600","10.72","18.87","246","1","22","21","",""
"387",2024/3/1 13:21:09,"310","119.83626","31.71214","53.19","79","302","-79.9","2.68","192;85;44;56;26;159;61","-75.30;-84.57;-84.85;-84.96;-87.26;-90.44;-94.77","543.47","503.75","507.6","1404","7.42","22.87","242.62","4","108.14","94.5","96.15","600","11.01","19.09","246","1","22","21","",""
"388",2024/3/1 13:21:10,"311","119.83623","31.71226","53.15","79","302","-79.35","4.07","192;56;44;85;26","-74.99;-81.88;-85.70;-88.41;-90.37","549.14","513.17","516.08","1402","7.85","22.97","242.6","4","112.4","99.78","99.85","600","11.35","19.05","246","1","22","21","",""
"389",2024/3/1 13:21:11,"311","119.83621","31.71238","52.69","79","302","-80.32","3.82","192;56;44;85","-75.38;-80.03;-87.18;-89.23","558.3","516.6","520.34","1402","8.27","23.08","242.88","4","112.53","99.32","99.61","600","11.72","18.8","246","1","22","22","",""
"390",2024/3/1 13:21:12,"311","119.8362","31.71249","53.43","79","302","-82.14","2.59","192;56;26;44;85","-75.89;-79.52;-86.21;-86.96;-88.17","555.52","510.14","513.76","1402","9.27","22.2","243.18","4","108.66","94.13","96.39","600","10.05","17.52","246","1","22","23","",""
"391",2024/3/1 13:21:13,"311","119.83619","31.71261","52.91","79","302","-83.21","2","192;56;85;26;44;159;82","-76.82;-79.73;-84.20;-86.79;-86.86;-87.02;-103.76","535.95","477.16","484.57","1401","12.58","20.72","239.22","4","103.93","91.23","92.33","600","11.5","18.54","243.94","1","23","23","",""
"392",2024/3/1 13:21:14,"311","119.8362","31.71272","52.27","79","302","-82.58","3.07","56;85;192;44;26;159;147;82","-80.34;-80.45;-82.66;-84.98;-88.58;-90.05;-91.36;-102.93","518.68","459.75","465.93","1403","8.06","21.1","241.91","3.75","104.99","91.53","93.03","600","12.83","19.84","243","1","21","20","",""
"393",2024/3/1 13:21:15,"310","119.83622","31.71283","51.51","79","302","-78.7","5.8","56;85;192;44;159;26;171;147","-81.20;-82.47;-85.16;-87.16;-89.36;-91.34;-91.97;-92.73","521.52","462.27","466.67","1402","7.49","22.02","244.12","3.76","110.07","96.46","97.26","600","10.55","20.76","243","1","21","19","",""
"394",2024/3/1 13:21:16,"309","119.83623","31.71295","52.49","79","302","-79.42","5.74","56;192;85;159;44;171","-81.66;-82.61;-84.66;-85.66;-86.78;-90.65","534.44","477.84","482.13","1404","9.2","21.83","241.88","4","112.93","99.38","99.24","600","11.89","19.65","243","1","21","21","",""
"395",2024/3/1 13:21:17,"310","119.83626","31.71306","52.39","79","302","-80.95","3.5","192;56;85;159;44;26;67;171","-82.30;-82.72;-85.20;-85.43;-87.45;-87.91;-91.87;-93.85","538.39","482.52","485.05","1403","8.83","21.78","243.26","4","112.09","97.77","99.22","600","11.22","19.23","243","1","22","21","",""
"396",2024/3/1 13:21:18,"311","119.83628","31.71317","51.62","79","302","-84.09","-0.81","192;159;26;56;85;44;67;171","-79.09;-84.05;-84.92;-85.16;-86.20;-87.78;-90.54;-94.69","531.83","473.74","476.08","1402","10.78","21.2","243.76","4","109.86","95.63","97.16","600","11.85","19.06","243","1","23","22","",""
"397",2024/3/1 13:21:19,"311","119.83631","31.71328","51.14","79","302","-83.75","-3","192;159;26;56;44;67","-77.64;-82.47;-83.33;-86.29;-92.04;-92.91","511.21","461.04","464.03","1401","7.13","20.09","241.62","4","108.95","95.69","96.37","600","11.85","19.1","243","1","23","21","",""
"398",2024/3/1 13:21:20,"310","119.83634","31.71339","50.93","79","302","-83.25","-4.95","192;26;159;56;44;147","-75.35;-81.75;-83.84;-86.02;-87.36;-91.29","498.13","455.1","456.31","1402","6.89","20.54","242.9","4","108.93","95.74","96.42","600","9.84","19.19","243","1","23","21","",""
"399",2024/3/1 13:21:21,"309","119.83638","31.7135","50.65","79","302","-83.67","-7.07","192;26;159;56;147;44","-74.09;-80.63;-82.70;-85.24;-89.01;-92.08","498.69","464.95","468.3","1401","4.57","21.45","245.55","4","109.14","95.9","96.84","600","11.05","19.21","243","1","23","21","",""
"400",2024/3/1 13:21:22,"310","119.83643","31.7136","50.58","79","26","-79.88","2.65","192;159;56;147;302;44","-73.70;-82.14;-85.23;-87.79;-90.23;-91.32","481.87","468.63","420.27","1402","22.31","17.26","238.13","4","107.16","95.29","95.61","600","11.61","19.3","243.75","1","22","25","",""
"401",2024/3/1 13:21:23,"310","119.83646","31.7137","49.66","79","192","-73.71","11.02","26;159;56;171;147;44;219;97","-78.90;-80.88;-83.69;-85.62;-92.71;-92.82;-113.73;-122.08","456.77","468.63","386.9","1231","11.98","14.95","240.78","4","107.2","95.64","95.48","518","10.99","21.95","244.51","1","19","25","",""
"402",2024/3/1 13:21:24,"310","119.83651","31.7138","49.2","79","192","-73.92","12.2","26;159;56;171;44;147;219;97","-79.13;-82.88;-83.70;-86.75;-93.22;-98.14;-112.00;-122.08","427.46","402.98","352.11","1262","11.04","14.25","245.05","4","111.47","100","100.12","540","9.1","22.14","246","1","19","25","",""
"403",2024/3/1 13:21:25,"310","119.83656","31.71389","48.77","79","192","-74.13","12.09","26;85;56;171;159;219;97","-79.38;-83.90;-84.33;-85.16;-86.70;-113.52;-155.98","453.63","420.64","418.82","1260","3.41","20.79","241.29","4","117.82","104.6","105.63","540","10.8","22","246","1","19","25","",""
"404",2024/3/1 13:21:26,"311","119.83662","31.71399","48.86","79","192","-74.5","11.51","26;56;85;159;219;97","-78.33;-84.30;-85.06;-85.35;-115.80;-119.80","489.22","455.99","460.23","1264","5.28","25.43","242.76","4","120.84","108.6","108.81","540","9.19","21.67","246","1","19","25","",""
"405",2024/3/1 13:21:27,"311","119.83667","31.71409","48.67","79","192","-74.82","10.59","26;85;56;159;147;219;97","-77.77;-84.13;-84.90;-85.43;-91.72;-118.66;-120.40","530.22","502.92","500.94","1260","8.25","25.17","241.92","4","119.2","106.9","107","540","9.71","21.38","246","1","19","25","",""
"406",2024/3/1 13:21:28,"310","119.83674","31.71418","48.53","79","192","-75.03","10.15","26;56;85;147;67;219;97","-76.87;-84.36;-84.73;-89.78;-102.86;-115.54;-119.54","570.94","539.63","541.16","1258","2.96","25.99","243.85","4","117.53","105.81","106.31","540","9.21","21.27","246","1","19","25","",""
"407",2024/3/1 13:21:29,"310","119.83681","31.71428","48.34","79","192","-75","8.71","26;85;56;147;219;97;67","-77.73;-82.48;-87.34;-88.36;-114.98;-119.54;-132.16","574.02","546","545.01","1264","5.07","25.67","240.97","4","117.22","105.01","105.94","540","9.29","21.45","246","1","19","25","",""
"408",2024/3/1 13:21:30,"310","119.8369","31.71437","48.92","79","192","-75.31","7.73","26;85;56;147;67;219;97","-77.41;-82.46;-88.19;-88.39;-107.66;-113.38;-118.73","578.29","554.52","558.43","1262","2.97","26.31","243.51","4","117.26","105.1","106.06","540","9.38","21.51","246","1","19","25","",""
"409",2024/3/1 13:21:31,"311","119.83697","31.71446","48.35","79","192","-75.92","7.49","26;85;159;56;147;219;97;67","-79.03;-84.34;-87.56;-88.38;-90.36;-112.14;-118.73;-139.27","580.03","553.83","558.41","1258","4.91","25.67","242.68","4","118.36","106.4","106.93","540","9.68","21.66","246","1","19","25","",""
"410",2024/3/1 13:21:32,"311","119.83705","31.71455","48.26","79","192","-77.81","6.92","26;85;147;159;56;219;97","-79.80;-85.48;-87.82;-88.50;-90.31;-112.38;-121.16","582.26","557.01","561.91","1262","3.04","26.26","243.63","4","118.61","106.24","107.1","540","9.38","21.68","246","1","19","25","",""
"411",2024/3/1 13:21:33,"312","119.83714","31.71463","49.11","79","192","-78.71","6.29","26;147;85;56;159;67;219;97","-79.47;-85.14;-85.22;-85.70;-88.73;-106.73;-113.29;-119.05","582.64","555.56","558.55","1262","4.99","26.02","240.92","4","118.55","105.21","107.04","540","9.29","21.27","246","1","19","25","",""
"412",2024/3/1 13:21:34,"311","119.83723","31.71471","48.64","79","192","-79.07","4.83","26;56;147;85;159;171;44;302;219;97;67","-78.82;-84.99;-85.94;-87.76;-88.22;-88.45;-92.55;-96.73;-113.65;-121.71;-127.18","587.6","563.53","567.57","1260","2.17","26.54","244.69","3.58","116","104.52","104.66","540","9.75","20.46","246","1","19","25","",""
"413",2024/3/1 13:21:35,"313","119.83731","31.71478","49.13","79","192","-79.98","2.47","26;147;302;85;171;159;56;44;67;219;97","-80.12;-84.09;-85.22;-85.68;-86.73;-88.02;-88.62;-93.65;-106.48;-114.43;-118.59","589.25","567","569.42","1260","3.09","26.49","243.19","4","112.91","101.67","102.36","540","9.1","19.69","246","1","19","25","",""
"414",2024/3/1 13:21:36,"312","119.8374","31.71486","48.65","79","192","-80.58","1.63","26;147;85;302;171;56;159;44;219;97","-79.45;-84.08;-84.30;-84.71;-84.98;-86.17;-88.99;-93.23;-113.86;-119.32","594.26","569.28","574.19","1262","4.49","26.43","243.37","4","109.73","98.77","98.82","540","10.5","19.49","246","1","22","25","",""
"415",2024/3/1 13:21:37,"312","119.83751","31.71494","49.08","79","192","-80.32","1.34","26;171;85;147;70;159;302;56;219;97","-78.66;-83.24;-83.44;-84.22;-90.83;-91.02;-93.65;-94.20;-115.38;-118.02","592.19","558.4","562.61","1258","7.64","25.96","244.4","4","109.01","95.98","98.17","540","10.03","19.81","246","1","19","25","",""
"416",2024/3/1 13:21:38,"313","119.83762","31.715","49.84","79","192","-80.21","-0.05","26;85;171;147;159;302;70;56;219;97","-77.70;-81.70;-82.39;-82.66;-89.55;-92.94;-92.95;-95.15;-113.93;-119.03","586.25","538.83","542.64","1262","10.08","25.65","241.9","4","109.11","97.18","98.27","540","9","19.99","246","1","19","25","",""
"417",2024/3/1 13:21:39,"312","119.83773","31.71506","49.6","79","192","-75.78","5.75","26;85;147;171;159;70;56;302;219;97","-76.04;-80.54;-82.13;-82.41;-89.40;-92.18;-92.87;-93.67;-114.48;-120.33","577.39","519.85","524.6","1264","11.59","25.07","242.09","4","109.11","97.26","98.11","540","10.78","19.77","246","1","19","25","",""
"418",2024/3/1 13:21:40,"313","119.83784","31.71512","49.1","79","192","-75.4","6.04","26;85;171;147;159;56;302;219;97","-75.64;-80.99;-81.80;-82.27;-89.02;-89.68;-91.81;-111.33;-121.19","565.06","509.3","515.18","1258","7.45","25.23","243.04","4","109.38","97.63","98.31","540","10.09","20.2","246","1","19","25","",""
"419",2024/3/1 13:21:41,"311","119.83798","31.71518","49.71","79","192","-74.9","5.35","26;56;147;85;171;159;302;219;97","-74.86;-80.01;-81.27;-81.44;-83.55;-88.59;-91.67;-112.16;-119.54","562.47","518.21","517.85","1259","5.17","25.19","244.76","4","110.09","98.79","98.61","540","9.66","20.22","246","1","19","25","",""
"420",2024/3/1 13:21:42,"311","119.8381","31.71523","49.94","79","192","-74.64","5.73","26;56;85;147;171;159;302;219;97","-75.85;-79.74;-80.94;-81.05;-82.62;-89.41;-92.42;-112.15;-119.11","561.33","527.23","530.83","1259","5.05","25.1","244.4","4","111.37","99.61","100.55","540","8.81","20.41","246","1","19","25","",""
"421",2024/3/1 13:21:43,"311","119.83823","31.71528","50.29","79","192","-74.46","6.84","26;56;147;85;171;159;302;219;97","-78.34;-79.26;-80.79;-82.43;-84.09;-90.63;-92.81;-111.55;-118.13","560.19","530.62","532.92","1259","3.65","25.12","243.65","4","111.9","100.43","101.23","540","9.68","20.3","246","1","19","25","",""
"422",2024/3/1 13:21:44,"311","119.83836","31.71532","50.56","79","192","-74.34","7.35","56;26;147;85;302;171;159;219;97","-78.47;-80.66;-81.48;-81.54;-82.13;-85.13;-88.44;-112.15;-118.16","561.23","534.68","538.67","1260","3.66","25.31","246.21","4","111.55","100.54","101.33","540","8.55","20.22","246","1","19","25","",""
"423",2024/3/1 13:21:45,"310","119.83851","31.71536","52.85","79","192","-74.9","5.69","56;26;85;147;302;171;70;159;219;97","-77.37;-80.77;-81.13;-81.53;-82.72;-83.97;-89.48;-90.79;-111.13;-118.16","560.31","531.45","535.55","1259","6.19","25.08","240.72","4","110.62","99.12","99.97","540","10.42","19.5","246","1","21","25","",""
"424",2024/3/1 13:21:46,"311","119.83864","31.71539","53.02","79","192","-76.54","5.7","56;85;147;302;171;26;70;159;67;219;97","-77.48;-81.41;-81.66;-82.77;-85.13;-86.83;-89.25;-90.02;-92.97;-112.30;-122.60","559.03","528.35","532.12","1259","5.62","25.22","243.45","4","108.64","96.35","97.26","540","12.03","19.24","246","1","22","25","",""
"425",2024/3/1 13:21:47,"311","119.83878","31.71543","53.13","79","192","-76.9","5.81","56;85;147;302;171;159;70;67;26;219;97","-76.61;-80.77;-80.97;-83.46;-84.34;-89.53;-93.13;-106.13;-107.40;-113.10;-122.60","553.71","517.57","523.86","1259","7.06","24.79","242.99","4","106.9","93.39","95.47","540","10.61","19.45","246","1","21","25","",""
"426",2024/3/1 13:21:48,"311","119.83893","31.71546","54.02","79","192","-76.52","5.37","56;147;85;171;302;159;26;179;70;67;219;97","-76.55;-80.38;-80.60;-85.36;-85.60;-88.62;-90.07;-93.98;-96.02;-106.13;-111.24;-122.15","549.75","518.62","522.45","1259","4.33","24.84","243.75","4","106.12","93.76","94.11","540","11.81","19.27","246","1","22","25","",""
"427",2024/3/1 13:21:49,"311","119.83908","31.7155","53.98","79","192","-76.66","4.07","56;147;85;26;171;302;159;70;179;219;97","-77.71;-79.60;-80.87;-84.52;-85.23;-85.42;-89.20;-90.46;-95.96;-113.80;-155.98","543.78","507.27","511.98","1257","8.35","24.23","242.26","4","105.9","93.54","95.01","540","9.47","19.14","246","1","22","25","",""
"428",2024/3/1 13:21:50,"311","119.83923","31.71551","54.65","79","192","-77.59","2.46","56;147;85;26;171;302;159;70;219;97","-76.63;-78.95;-79.59;-82.57;-84.84;-86.59;-89.27;-89.70;-115.72;-119.81","525.72","484.33","486.78","1259","11.69","22.59","241.93","4","105.69","94.68","95.18","540","8.59","19.07","246","1","22","25","",""
"429",2024/3/1 13:21:51,"312","119.83938","31.71552","55.53","79","192","-78.82","2.1","56;85;147;26;70;159;219;97","-78.22;-78.97;-79.08;-80.12;-88.66;-89.12;-113.47;-122.28","499.83","451.77","456.23","1259","10.16","21.11","243.42","4","105.64","95.55","95.99","540","9.86","19.07","246","1","22","25","",""
"430",2024/3/1 13:21:52,"313","119.83953","31.71553","56.17","79","192","-79.33","1.15","56;85;147;26;159;70;219;97","-78.51;-78.77;-79.23;-79.44;-88.92;-89.44;-116.66;-155.98","464.91","411.63","417.08","1258","13.65","19.68","241.45","4","105.4","95.08","95.65","540","9.71","19.08","246","1","22","25","",""
"431",2024/3/1 13:21:53,"311","119.83971","31.71554","57.59","79","192","-79.45","1.64","26;147;85;56;70;159;219","-78.15;-78.51;-78.95;-79.34;-89.25;-89.63;-116.92","445.18","398.7","405.27","1257","9.09","19.98","243.67","4","105.69","95.03","95.51","540","10.33","19.1","246","1","22","25","",""
"432",2024/3/1 13:21:54,"311","119.83988","31.71554","58.79","79","192","-78.71","3.23","26;147;85;56;159;70;219;97","-75.80;-79.07;-79.98;-83.73;-85.80;-95.18;-120.40;-121.34","439.68","399.01","401.31","1258","9.88","20.89","241.61","4","105.6","94.49","95.4","540","9.56","19.06","245.86","1","22","25","",""
"433",2024/3/1 13:21:55,"312","119.84003","31.71553","58.55","79","192","-77.96","4.94","26;147;85;56;159;70;219;97","-75.32;-79.87;-79.96;-85.00;-87.83;-97.24;-117.77;-123.79","446.97","411.2","412.85","1258","10.36","20.88","242.62","4","105.43","94.36","94.85","540","10.52","19.08","245.92","1","22","25","",""
"434",2024/3/1 13:21:56,"313","119.84019","31.71552","59.53","79","192","-78.18","7.38","26;56;61;159;70;147;219;97;85","-73.50;-85.43;-88.02;-89.03;-94.51;-102.77;-120.34;-123.79;-135.11","462.05","421.87","424.57","1257","7.93","21.56","242.44","4","104.31","92.11","92.71","540","12.57","19.18","246","1","22","25","",""
"435",2024/3/1 13:21:57,"316","119.84028","31.71551","56.67","79","26","-70.63","6.49","192;56;147;159;61;70;85;219;97","-77.48;-82.98;-87.20;-89.66;-89.95;-95.35;-108.48;-117.80;-125.31","450.91","354.05","412.71","1255","10.68","13.95","242.24","4","106.58","92.43","94.32","540","13.37","22.52","244.97","1","19","22","",""
"436",2024/3/1 13:21:58,"315","119.84033","31.71549","53.52","79","26","-71.46","6.65","192;171;56;147;61;159;70;85;219;97","-79.54;-83.05;-83.49;-87.20;-88.43;-89.29;-93.92;-108.48;-118.34;-121.66","479.68","378.36","434.72","1262","8.49","17.55","242.21","3.66","111.18","96.31","97.06","540","13.99","21.51","246","1","19","21","",""
"437",2024/3/1 13:21:59,"315","119.84035","31.71548","49.06","79","26","-75.17","3.43","192;56;85;159;70;61;171;219;97","-76.77;-82.22;-83.23;-90.27;-92.73;-93.60;-98.88;-119.62;-125.91","467.4","444.59","420.7","1262","10","14.94","240.94","3","107.64","93.45","94.59","540","11.96","18.09","245.07","1","22","25","",""
"438",2024/3/1 13:22:00,"317","119.84034","31.71549","44.23","79","26","-76.49","3.38","192;56;85;159;61;171;219;97","-78.38;-81.59;-82.67;-88.44;-91.19;-107.50;-118.69;-123.88","483.69","439.28","445.48","1258","6.09","15.59","242.52","3.08","114.76","99.8","100.67","540","11.44","25.91","243","1","21","19","",""
"439",2024/3/1 13:22:01,"317","119.84033","31.71548","39.62","79","26","-76.69","3.1","192;56;85;159;61;219;97","-79.29;-81.77;-82.88;-87.13;-88.80;-118.86;-121.45","477.21","442.06","442.75","1262","7.29","18.51","242.67","3","119.45","103.9","105.5","540","11.5","25.94","243","1","21","19","",""
"440",2024/3/1 13:22:02,"317","119.84033","31.71547","33.05","79","26","-76.96","3.25","192;56;85;159;61;219;97","-79.62;-80.92;-83.23;-88.26;-88.57;-117.30;-123.37","528.38","505.8","505.46","1262","0.88","26.14","244.83","3","132.62","116.13","117.22","540","12.92","23.99","245.41","1","19","20","",""
"441",2024/3/1 13:22:03,"316","119.84032","31.71546","30.29","79","26","-77.49","2.37","192;56;85;159;61;219;97","-78.64;-81.77;-83.15;-88.77;-91.56;-118.72;-123.09","568.78","550.45","553.48","1260","0.47","26.7","244.18","3","131.91","116.2","116.71","540","10.42","23.26","246","1","19","20","",""
"442",2024/3/1 13:22:04,"316","119.84032","31.71546","24.14","79","26","-77.27","3.24","192;56;147;85;159;61;219;97","-77.48;-82.35;-82.58;-82.79;-87.57;-90.32;-119.77;-122.57","595.3","586.94","590.45","1258","1.91","26.64","245.19","3","130.45","115.49","115.76","540","9.86","23.25","246","1","19","20","",""
"443",2024/3/1 13:22:05,"316","119.84032","31.71546","18.34","79","26","-77.31","2.71","192;147;85;56;159;61;219;97","-76.75;-82.58;-82.98;-83.77;-88.15;-93.27;-122.34;-124.70","600.47","591.5","593.86","1260","1.03","26.82","245.12","3","130.55","116.04","116.81","540","9.85","23.28","246","1","19","20","",""
"444",2024/3/1 13:22:06,"315","119.84032","31.71546","13.21","79","26","-77.42","3","192;56;159;171;61;85;219;97","-76.33;-79.70;-82.66;-83.83;-90.15;-96.80;-119.15;-122.61","601.82","589.89","593.45","1260","1.92","26.45","243.63","3.08","128.95","113.3","113.83","540","14.12","22.41","246","1","19","20","",""
"445",2024/3/1 13:22:07,"315","119.84032","31.71546","5.17","79","26","-79.35","6.64","171;159;302;56;192;85;61;219;97","-78.66;-80.58;-80.69;-82.41;-84.52;-87.07;-105.70;-120.31;-122.61","603.06","591.83","594.35","1260","1.07","26.92","246.32","3","123.06","104","107.5","540","13.46","20.11","245.93","1","19","21","",""
"446",2024/3/1 13:22:08,"315","119.84032","31.71546","3.07","79","26","-71.82","5.49","56;171;159;192;302;61;219;97;85","-78.98;-79.55;-81.36;-83.61;-85.23;-86.17;-120.25;-124.38;-151.35","602.49","586.59","590.03","1260","2.46","26.45","245.11","3.33","119.11","98.34","102.69","540","12.05","21.99","245.99","1","19","18","",""
"447",2024/3/1 13:22:09,"316","119.84032","31.71546","2.19","79","26","-70.39","6.02","56;159;171;192;219;97;85","-76.30;-78.84;-80.28;-84.14;-122.75;-128.13;-140.82","603.77","592.15","595.03","1262","0.4","26.91","244.13","3","123.63","106.37","107.95","540","10.71","24.83","246","1","19","19","",""
"448",2024/3/1 13:22:10,"316","119.84032","31.71546","1.61","79","26","-70.92","5.2","56;192;171;159;219;97;85","-76.05;-78.50;-80.69;-84.73;-118.92;-124.70;-150.62","601.67","589.01","593.86","1262","1.12","26.77","242.94","3.08","133.1","116.12","116.81","540","11.38","25.08","246","1","19","18","",""
"449",2024/3/1 13:22:11,"316","119.84032","31.71549","2.65","79","26","-71.16","4.92","56;171;192;159;61;219;97","-76.38;-78.36;-78.98;-84.41;-85.91;-118.92;-126.36","601.53","591.53","596.28","1260","1.35","26.82","243.97","3","143.76","125.55","127.22","540","11.96","25.79","246","1","19","17","",""
"450",2024/3/1 13:22:12,"316","119.84032","31.71553","3.73","79","26","-70.78","5.59","171;56;192;159;61;219;97","-76.27;-76.34;-78.81;-83.26;-106.20;-121.05;-125.90","598.36","585.13","588.76","1262","2.63","26.56","242.42","3","146.71","129.1","130.57","540","9.14","25.89","245.99","1","19","17","",""
"451",2024/3/1 13:22:13,"316","119.84032","31.7156","6.23","79","26","-70.57","5.95","171;56;192;159;219;97","-76.36;-76.37;-79.22;-84.73;-120.58;-126.22","599.85","588.35","591.26","1258","0","26.94","244.83","3","148.75","131.26","132.47","540","11.56","25.71","246","1","19","17","",""
"452",2024/3/1 13:22:14,"316","119.84031","31.71568","9.81","79","26","-70.35","5.73","171;56;192;159;219;97","-76.61;-76.87;-79.66;-85.60;-120.90;-127.67","600.83","588.98","592.35","1260","1.17","26.7","244.68","3.08","147.57","130.89","132.31","540","9.89","25.65","245.96","1","19","17","",""
"453",2024/3/1 13:22:15,"316","119.84032","31.71578","14.28","79","26","-70.42","5.67","56;171;192;159;219;97","-76.96;-77.19;-79.47;-86.76;-122.05;-155.98","601.17","586.4","592","1262","2.24","26.6","241.52","3.15","147.78","130.37","131.49","540","11.65","25.94","246","1","19","17","",""
"454",2024/3/1 13:22:16,"316","119.84033","31.71589","19.19","79","26","-70.41","6.11","56;171;192;159;219","-76.76;-77.48;-78.78;-87.09;-120.65","600","584.86","588.91","1262","1.27","26.83","244.65","4","147.41","130.46","131.92","540","9.7","25.46","246","1","19","17","",""
"455",2024/3/1 13:22:17,"316","119.84034","31.716","24.1","79","26","-69.75","6.56","171;56;192;302;159;219;97","-76.73;-77.17;-78.52;-93.75;-106.53;-120.37;-128.92","596.1","582.02","585.17","1264","2.32","26.03","242.75","4","146.02","129.97","130.57","540","9.34","25.24","246","1","19","17","",""
"456",2024/3/1 13:22:18,"315","119.84035","31.71611","29.02","79","26","-69.54","5.98","171;56;192;302;219;97","-76.65;-76.88;-79.43;-93.03;-119.20;-128.92","598.47","586.05","590.56","1260","0.31","26.88","244.97","4","144.52","128.42","129.91","540","9.09","25.2","246","1","19","17","",""
"457",2024/3/1 13:22:19,"315","119.84035","31.71623","30.93","79","26","-69.71","5.9","171;56;192;302;219;97","-76.30;-77.17;-79.83;-91.34;-119.69;-124.98","597.8","588.67","589.95","1258","1.52","26.72","242.94","4","143.44","128.93","129.76","540","9.15","25.22","246","1","19","18","",""
"458",2024/3/1 13:22:20,"315","119.84036","31.71635","39.71","79","26","-70.14","4.98","56;171;192;302;219;97","-76.68;-77.15;-79.55;-91.00;-119.35;-124.98","600.55","589.01","593.06","1262","1.66","26.82","244.55","4","143.31","127.67","129.08","540","10.22","25.21","246","1","19","19","",""
"459",2024/3/1 13:22:21,"315","119.84037","31.71648","44.19","79","26","-70.6","5.24","56;171;192;159;219;97","-76.98;-77.38;-80.32;-87.04;-122.42;-131.13","599.66","585.53","588.98","1262","2.23","26.78","242.45","4","142.87","127.3","128.26","540","10.28","25.17","246","1","19","19","",""
"460",2024/3/1 13:22:22,"315","119.84038","31.71661","44.99","79","26","-71.36","4.27","56;192;171;159;219;97","-78.78;-80.41;-85.41;-86.48;-120.74;-127.19","597.79","584.94","590.05","1260","0.44","26.93","244","4","141.75","125.13","126.03","540","11.47","24.61","246","1","19","17","",""
"461",2024/3/1 13:22:23,"314","119.84039","31.71672","47.81","79","26","-71.66","4.38","56;171;192;159;219;97","-78.72;-79.22;-82.49;-87.16;-122.44;-130.28","598.81","588.44","591.59","1258","1.11","26.78","245.55","3.84","141.33","125.51","126.29","540","8.97","25.2","246","1","19","18","",""
"462",2024/3/1 13:22:24,"314","119.8404","31.71678","47.43","79","26","-73","4.44","56;159;192;171;219;97","-77.63;-80.42;-82.35;-86.24;-123.88;-128.48","600.58","589.35","594.44","1260","1.34","26.88","243.47","4","140.53","123.7","125.1","540","10.55","24.48","245.87","1","19","19","",""
"463",2024/3/1 13:22:25,"313","119.8404","31.71684","46.61","79","26","-74.1","1.82","56;159;192;171;219;97","-76.71;-79.67;-80.47;-83.32;-123.69;-128.48","602.71","588.75","593.07","1260","2.08","26.81","243.34","4","138.03","123.52","124.07","540","9.34","23.52","246","1","19","20","",""
"464",2024/3/1 13:22:26,"313","119.84041","31.71691","45.41","79","26","-74.49","0.23","56;159;192;171;219;97","-77.27;-80.30;-80.33;-82.86;-121.25;-129.20","601.29","587.25","591.15","1262","1.02","26.84","244.26","4","135.22","118.96","121.22","540","9.81","23.56","246","1","19","20","",""
"465",2024/3/1 13:22:27,"313","119.84041","31.717","44.6","79","26","-75.56","0.54","56;159;192;171;219;97","-77.02;-79.09;-79.53;-83.05;-119.79;-155.98","601.89","580.27","587.01","1260","4.23","26.42","242.93","4","132.28","118.41","119.28","540","9.32","23.32","246","1","19","21","",""
"466",2024/3/1 13:22:28,"313","119.84042","31.7171","44.19","79","26","-75.98","0.45","56;159;192;171;219","-76.42;-78.82;-82.73;-83.31;-120.02","600.04","570.92","575.18","1262","6.25","26.11","242.6","4","131.7","117.21","118.97","540","8.88","23.3","246","1","19","21","",""
"467",2024/3/1 13:22:29,"312","119.84043","31.7172","43.8","79","26","-74.96","2.95","56;171;159;192;219;97","-79.02;-81.87;-83.28;-86.58;-122.77;-124.39","600.43","574.34","578.13","1261","0.31","26.91","243.12","3.76","133.97","119.52","120.88","540","10.28","24.97","246","1","19","19","",""
"468",2024/3/1 13:22:30,"312","119.84044","31.71727","41.82","79","26","-74.5","2.88","192;159;171;56;219;97","-80.84;-82.62;-82.86;-83.09;-122.70;-155.98","599.72","572.76","580.85","1262","3.66","26.4","242.04","4","137.13","121.31","121.97","540","13.34","24.23","246","1","19","19","",""
"469",2024/3/1 13:22:31,"311","119.84044","31.71729","36.19","79","26","-83.28","0.4","192;159;56;85;70;171;219;97","-77.72;-77.83;-84.22;-87.46;-91.51;-92.45;-119.40;-126.16","597.42","580.89","584.59","1258","2.67","26.75","243.51","4","132.7","115.8","116","540","14.09","21.63","246","1","19","25","",""
"470",2024/3/1 13:22:32,"311","119.84044","31.71729","30.4","79","26","-82.73","-0.55","171;159;85;56;70;192;147;219;97","-77.60;-79.39;-82.16;-82.69;-85.62;-91.88;-102.26;-123.62;-126.16","591.21","564.49","568.34","1258","4.84","25.57","241.73","3.91","126.85","109.69","111.18","540","10.84","22.25","246","1","19","25","",""
"471",2024/3/1 13:22:33,"311","119.84044","31.71729","27.36","79","26","-81.38","0.34","192;56;159;70;171;85;219;97","-77.86;-81.04;-81.34;-85.62;-88.41;-92.88;-120.87;-126.71","576.75","542.24","557.8","1252","2.99","23.3","240.01","4","112.81","87.59","90.9","537","35.47","17.52","246","1","12","10","",""
"472",2024/3/1 13:22:34,"311","119.84044","31.71727","23.67","79","26","-79.19","1.99","192;159;171;56;85;219;97","-77.61;-80.38;-83.52;-83.88;-88.84;-118.90;-126.71","578.08","544.12","562.92","1258","0.43","26.86","244.61","4","111.76","86.03","91.34","540","11.13","21.39","246","1","19","17","",""
"473",2024/3/1 13:22:35,"310","119.84043","31.71722","23.26","79","26","-77.3","2.53","85;192;56;159;171;147;219;97","-79.70;-80.64;-82.30;-85.43;-88.09;-94.27;-118.13;-125.53","584.76","568.98","577.75","1258","0.08","26.52","244.63","3.92","116.85","90.31","95.7","540","11.64","23.98","246","1","19","17","",""
"474",2024/3/1 13:22:36,"310","119.84042","31.7172","21.09","79","26","-77.52","-0.22","85;56;192;171;70;159;147;179;219;97","-81.09;-81.41;-83.34;-83.71;-84.22;-87.90;-90.23;-110.77;-118.84;-155.98","603.36","593.69","598.68","1260","2.06","26.77","245.11","3.83","129.77","113.67","116.17","540","8.93","24.21","246","1","19","18","",""
"475",2024/3/1 13:22:37,"310","119.84042","31.71719","17.53","79","26","-77.42","1.14","192;85;70;171;56;159;147;179;219;97","-79.76;-82.06;-83.90;-84.27;-85.16;-86.96;-90.46;-100.83;-117.67;-120.53","603.74","594.23","596.92","1262","0.8","26.88","245.16","3.23","136.44","121.97","122.14","540","10.52","24.16","246","1","19","18","",""
"476",2024/3/1 13:22:38,"310","119.84042","31.71718","13.5","79","26","-77.91","0.9","192;85;70;56;171;159;147;219;97","-80.80;-80.98;-83.00;-84.29;-85.26;-86.61;-89.08;-117.93;-118.41","604.1","591.54","595.93","1264","2.16","26.37","243.21","3.16","137.55","122.58","124.1","540","9.58","24.42","246","1","19","18","",""
"477",2024/3/1 13:22:39,"310","119.84042","31.71718","9.03","79","26","-78.15","1.05","192;85;70;171;56;159;147;219;97","-79.55;-81.51;-84.25;-85.20;-85.52;-85.80;-88.26;-117.31;-118.41","603.49","593.94","596.02","1260","0.63","26.92","245.37","3","138.24","123.77","124.32","540","9.63","24.59","246","1","19","19","",""
"478",2024/3/1 13:22:40,"310","119.84042","31.71718","8.13","79","26","-78.57","0.33","192;171;85;70;56;159;147;219;97","-77.95;-78.85;-81.67;-83.13;-86.87;-89.52;-89.79;-117.65;-121.55","596.02","573.72","577.3","1262","6.81","24.51","241.18","3.16","134.93","118.22","119.62","540","13.72","22.48","246","1","19","18","",""
"479",2024/3/1 13:22:41,"310","119.84044","31.71717","5.88","79","26","-78.75","-1.09","192;171;85;56;159;147;219;97","-78.50;-78.91;-81.67;-85.25;-88.11;-91.59;-118.56;-122.61","596.3","575.12","580.57","1262","1.03","26.81","244.66","3.15","129.2","115.02","114.78","540","8.93","22.08","246","1","19","18","",""
"480",2024/3/1 13:22:42,"310","119.84051","31.71715","8.68","79","26","-79.06","-0.7","192;171;159;56;219;147;97","-78.45;-79.21;-88.72;-90.41;-118.57;-120.59;-155.98","594.59","573.22","576.69","1260","1.35","26.4","244.39","3.83","123.25","107.76","108.93","540","11.15","21.55","246","1","19","18","",""
"481",2024/3/1 13:22:43,"310","119.84059","31.71714","10.57","79","26","-79.27","-0.97","192;171;56;159;147;219;165","-78.37;-79.66;-84.14;-88.59;-92.41;-120.20;-127.39","602.24","591.9","596.33","1260","1.74","26.78","244.56","3.92","119.16","106.12","106.79","540","10.96","21.42","246","1","19","18","",""
"482",2024/3/1 13:22:44,"310","119.8407","31.71711","15.23","79","26","-79.59","-0.93","171;192;70;159;56;85;147;219","-78.46;-80.07;-80.40;-88.82;-89.39;-90.18;-103.42;-117.92","597.98","574.31","578.37","1262","7.29","25.47","243.17","4","118.5","105.15","106.04","540","9.18","21.5","246","1","19","18","",""
"483",2024/3/1 13:22:45,"310","119.84083","31.71708","18.3","79","26","-79.32","-2.93","171;70;192;56;147;159;85;219","-77.72;-79.04;-80.04;-89.78;-91.66;-96.08;-113.47;-117.22","599.02","574.18","576.8","1260","2.32","26.86","245.3","4","119","105.73","106.67","540","10.11","22.11","246","1","19","18","",""
"484",2024/3/1 13:22:46,"309","119.84096","31.71705","20.85","79","26","-79.55","-4.49","171;70;192;85;147;159;219;97","-76.66;-78.70;-80.84;-87.84;-89.71;-94.11;-117.44;-121.88","600.81","580.56","580.31","1260","1.36","26.81","245.45","4","120.86","108.2","108.82","540","9.39","22.25","246","1","19","18","",""
"485",2024/3/1 13:22:47,"309","119.8411","31.71701","27.35","79","26","-81.21","-4.12","171;70;192;147;85;219;97","-76.15;-77.60;-80.84;-89.63;-92.18;-116.30;-123.55","605.35","593.38","595.57","1262","0.55","26.95","245.29","4","121.1","107.68","107.82","540","12.52","21.54","246","1","19","19","",""
"486",2024/3/1 13:22:48,"309","119.84125","31.71697","32.86","79","26","-79.48","8.61","171;70;192;147;159;219;97","-75.83;-77.97;-81.15;-86.90;-94.23;-116.18;-155.98","600.52","584.68","588.74","1262","4.02","25.47","243.5","4","118.43","105.3","105.79","540","9.44","20.44","246","1","19","19","",""
"487",2024/3/1 13:22:49,"309","119.8414","31.71692","38.96","79","171","-75.32","3","26;56;70;192;147;219;97;159","-76.32;-78.02;-78.24;-79.63;-106.98;-122.19;-124.36;-148.09","535.69","583.51","513.46","1264","9.23","17.45","240.06","4","111.36","98.86","99.16","540","12.15","20.5","244.51","1","19","25","",""
"488",2024/3/1 13:22:50,"309","119.84156","31.71686","45.59","79","171","-76.6","-0.62","26;70;192;56;147;302;219;97","-75.64;-78.13;-78.50;-78.53;-95.00;-95.26;-120.93;-155.97","446.6","317.4","414.65","1258","8.98","11.66","243.57","4","107.95","94.13","96.12","540","12.21","19.76","246","1","19","25","",""
"489",2024/3/1 13:22:51,"309","119.84171","31.71681","46.52","79","171","-78.13","-1.81","26;70;192;56;302;219","-77.03;-77.70;-77.91;-79.71;-90.44;-121.20","358.36","313.39","323.7","1262","9.76","10.41","242.28","4","106.09","92.82","93.77","540","11.52","19.17","246","1","22","25","",""
"490",2024/3/1 13:22:52,"309","119.84186","31.71675","54.28","79","171","-79.5","-0.06","70;192;26;56;147;302;219","-77.59;-79.03;-79.05;-81.03;-90.12;-91.01;-119.46","366.84","336.08","337.22","1262","7.6","13.69","242.81","4","106.91","94.87","94.76","540","10.03","19.11","246","1","22","25","",""
"491",2024/3/1 13:22:53,"310","119.84201","31.71667","57.94","79","171","-79.91","-0.28","70;26;192;56;85;147;219;97","-76.81;-77.41;-78.13;-79.23;-89.63;-90.84;-118.25;-123.17","391.87","371.87","365.92","1260","6.12","17.83","243.63","4","104.28","90.49","92.06","540","13.38","19.06","246","1","22","25","",""
"492",2024/3/1 13:22:54,"310","119.84216","31.7166","57.98","79","171","-80.21","-2.05","70;26;192;56;85;147;219;97","-76.28;-76.96;-79.04;-79.77;-89.63;-93.70;-118.55;-123.17","465.28","442.61","447","1258","1.6","24.89","244.39","4","103.78","91.4","92.24","540","10.26","19.14","246","1","22","25","",""
"493",2024/3/1 13:22:55,"310","119.84232","31.71653","61.74","79","171","-80.73","-2","70;26;192;56;147;219;97","-76.15;-77.36;-81.08;-81.45;-83.47;-114.75;-127.36","523.65","494.04","501.06","1260","7.53","24.87","242.23","4","103.74","91.81","92.05","540","10.82","19.08","246","1","22","25","",""
"494",2024/3/1 13:22:56,"310","119.84247","31.71645","63.36","79","171","-80.45","-3.92","70;26;56;192;147;85;219;97","-76.29;-77.55;-78.14;-81.43;-83.23;-85.27;-117.56;-124.50","569.51","538.24","543.32","1260","4.09","26.03","243.93","4","103.16","91.27","91.82","540","11.44","18.78","246","1","22","25","",""
"495",2024/3/1 13:22:57,"311","119.84262","31.71638","62.86","79","171","-78.4","-5.3","70;56;26;192;147;85;219;97","-76.08;-76.93;-78.45;-83.02;-84.09;-84.88;-116.76;-128.20","573.14","534.04","538.97","1260","7.41","25.42","240.47","3.92","98.12","85.42","87.17","540","10.98","17.66","246","1","22","25","",""
"496",2024/3/1 13:22:58,"311","119.84277","31.71629","65.24","79","171","-79.57","-5.58","70;56;26;147;192;85;302;219;97","-75.90;-77.76;-80.35;-84.06;-84.13;-84.69;-94.55;-118.25;-124.72","569.3","532.15","535.08","1258","6.66","25.57","241.71","3.66","95.1","83.03","83.91","540","11.23","18.68","246","1","22","25","",""
"497",2024/3/1 13:22:59,"311","119.84291","31.7162","65.74","79","171","-78.74","-3.35","70;26;56;85;147;192;219;97","-76.16;-79.34;-83.70;-85.66;-85.93;-87.93;-116.88;-124.37","568.57","529.24","533.3","1258","5.37","25.76","245.36","3.53","94.93","82.69","83.39","540","13.29","19.07","246","1","22","25","",""
"498",2024/3/1 13:23:00,"311","119.84304","31.71611","65.51","79","171","-77.71","-2.37","70;26;56;147;192;85;302;219;97","-75.93;-78.39;-82.85;-85.03;-87.44;-88.56;-92.45;-118.80;-125.63","574.68","538.12","542.81","1258","5.93","25.75","244.32","3","99.39","88.62","88.05","540","9.58","19.14","246","1","22","25","",""
"499",2024/3/1 13:23:01,"311","119.84316","31.716","66.07","79","171","-77.75","-1.51","70;26;147;85;302;219;97","-76.25;-78.85;-84.63;-90.59;-92.99;-119.27;-124.39","579.57","548.34","550.69","1258","4.45","26.07","244.02","3","103.41","92.47","92.23","540","10.4","19.16","246","1","21","25","",""
"500",2024/3/1 13:23:02,"311","119.84328","31.71589","66.47","79","171","-78.07","-0.01","70;26;85;219;97","-77.14;-82.95;-89.83;-124.23;-128.55","581.67","553.43","557.06","1256","4.9","25.81","244.32","3","105.01","94.12","94.98","540","9.96","19.23","246","1","22","25","",""
"501",2024/3/1 13:23:03,"311","119.8434","31.71578","66.44","79","171","-78.12","2.89","70;26;85;219;97","-78.08;-82.75;-87.90;-120.86;-155.98","583.23","559.78","562.11","1258","2.29","26.26","244.2","3.15","105.51","94.37","94.73","540","10.61","19.21","246","1","22","25","",""
"502",2024/3/1 13:23:04,"311","119.8435","31.71566","66.52","79","171","-78.2","3.35","70;26;85;219;97","-77.55;-81.30;-86.45;-120.88;-125.59","586.53","566.37","568.09","1260","4.72","25.99","244.03","4","105.16","93.84","94.39","540","10.16","19.17","246","1","22","25","",""
"503",2024/3/1 13:23:05,"311","119.8436","31.71553","66.6","79","171","-78.34","4.32","70;26;85;302;219;97","-77.46;-82.10;-85.80;-96.08;-120.22;-125.59","585.07","564.96","567.38","1260","2.65","26.47","242.39","3.92","102.88","90.76","91.85","540","11.56","18.61","246","1","20","25","",""
"504",2024/3/1 13:23:06,"311","119.8437","31.71541","66.44","79","171","-78.14","3.02","70;85;147;26;61;302;219;97","-76.60;-84.75;-85.52;-85.66;-87.45;-95.58;-117.65;-155.98","584.82","557.56","560.76","1262","5.44","26.13","240.86","4","106.11","94.23","95","540","9.45","21.14","246","1","19","25","",""
"505",2024/3/1 13:23:07,"311","119.84378","31.71528","66.46","79","171","-78.18","3.84","70;26;147;85;61;219","-76.42;-83.98;-85.98;-86.65;-86.76;-121.03","586.14","563.79","567.06","1262","3.01","26.63","241.26","4","111.83","102.33","100.08","540","9.49","22.22","246","1","19","25","",""
"506",2024/3/1 13:23:08,"311","119.84385","31.71514","66.33","79","171","-80.91","1.42","70;26;61;147;85;219","-76.27;-83.86;-85.64;-86.29;-86.59;-121.97","592.04","565.94","571.04","1260","2.76","26.76","243.59","3.83","118.08","105.97","106.63","540","10.12","21.03","246","1","19","25","",""
"507",2024/3/1 13:23:09,"310","119.84392","31.715","66.42","79","171","-86.32","-4.44","70;26;61;56;147;85;219","-75.83;-83.39;-85.03;-85.31;-86.45;-86.95;-118.13","589.65","561.94","566.66","1260","6.9","25.6","240.62","3","115.29","102.76","103.93","540","9.86","19.26","246","1","22","25","",""
"508",2024/3/1 13:23:10,"310","119.84399","31.71486","66.87","79","171","-90.49","-6.41","70;56;26;147;61;85;302;219","-76.57;-83.13;-84.72;-88.08;-88.27;-89.32;-93.49;-117.02","584.58","550.74","556.57","1258","5.3","26.53","240.75","3.16","108.6","95.53","97.26","540","11.09","18.95","246","1","21","25","",""
"509",2024/3/1 13:23:11,"309","119.84405","31.71472","66.8","79","171","-83.66","6.78","70;56;85;26;61;147;302;219","-76.88;-81.74;-86.50;-87.23;-87.59;-88.64;-94.60;-118.48","582.2","553.72","556.73","1258","3.16","26.34","242.97","3.23","103.36","90.38","92.26","540","11.41","18.87","246","1","19","25","",""
"510",2024/3/1 13:23:12,"308","119.84412","31.71459","66.48","79","171","-81.45","8.92","70;56;85;61;147;26;302;219","-76.65;-81.38;-85.70;-87.35;-87.64;-89.35;-93.44;-121.23","586.54","564","566.63","1258","3.28","26.69","242.49","3.25","102.69","90.88","91.16","540","12.35","19.4","246","1","21","25","",""
"511",2024/3/1 13:23:13,"308","119.84419","31.71446","66.16","79","171","-81.28","7.56","70;56;26;85;147;61;302;219","-77.52;-83.13;-85.76;-86.63;-87.75;-91.08;-94.77;-118.09","593.51","566.85","571.02","1258","5.56","26.56","243.32","3.23","104.29","92.38","91.47","540","12.47","19.39","246","1","20","25","",""
"512",2024/3/1 13:23:14,"308","119.84425","31.71432","66.25","79","171","-81.27","7.57","70;56;26;61;85;147;302;219","-77.54;-81.76;-84.05;-87.68;-88.30;-88.38;-91.56;-118.21","590.69","556.31","560.22","1258","6.77","26.26","240.58","3","106.87","92","92.29","540","15.04","19.5","246","1","19","25","",""
"513",2024/3/1 13:23:15,"308","119.84432","31.71419","65.67","79","171","-81.51","8.49","70;26;56;61;302;147;85;219","-77.30;-80.43;-80.70;-86.94;-87.06;-87.41;-88.55;-116.71","589.8","551.69","555.82","1258","6.17","26.44","242.33","3","107.61","92.16","92.99","540","11.66","19.36","246","1","22","25","",""
"514",2024/3/1 13:23:16,"308","119.84438","31.71404","66.22","79","171","-82.31","8.22","70;26;56;85;302;61;147;219","-77.46;-81.21;-82.09;-87.06;-88.13;-89.23;-89.60;-115.49","586.86","544.72","550.86","1258","6.89","25.86","242.94","3.08","107.74","92.07","93.45","540","11.53","19.37","246","1","19","25","",""
"515",2024/3/1 13:23:17,"309","119.84444","31.7139","66.3","79","171","-84.25","6.12","70;56;26;61;302;147;85;219","-77.48;-82.25;-84.16;-87.11;-87.58;-89.98;-90.59;-117.35","587.06","551.53","554.86","1257","4.8","26.32","243.28","3","107.43","93.91","95.04","540","10.32","19.24","246","1","22","25","",""
"516",2024/3/1 13:23:18,"308","119.84449","31.71377","65.62","79","171","-85.28","1.54","70;56;26;61;302;85;219","-79.19;-83.45;-83.68;-85.40;-85.70;-88.88;-117.88","576.94","544.34","548.14","1258","6.23","25.73","240.61","3","107.31","93.36","94.5","540","12.87","19.28","246","1","22","25","",""
"517",2024/3/1 13:23:19,"308","119.84454","31.71363","65.36","79","171","-86.31","0","70;56;61;26;302;85;219","-79.16;-84.13;-85.51;-85.72;-86.06;-86.80;-117.98","570.54","536.15","541.94","1256","7.84","25.72","239.42","3.53","103.17","89.73","91.15","540","10.84","17.97","246","1","22","25","",""
"518",2024/3/1 13:23:20,"308","119.84458","31.71348","65.39","79","171","-91.1","-4.38","70;26;61;56;85;302;219","-79.34;-84.26;-84.79;-85.36;-86.32;-87.93;-116.71","567.47","532.15","536.01","1256","5.87","26.05","242.43","3.75","98.24","85.89","86.83","539","10.45","18.06","246","1","22","25","",""
"519",2024/3/1 13:23:21,"308","119.84462","31.71334","65.18","79","70","-79.75","5.21","26;61;302;85;56;192","-82.70;-84.57;-85.65;-86.29;-86.30;-87.34","471.96","532.15","422.13","1251","20.58","9.87","238.01","3.81","91.21","78.93","80.67","539","15.8","18.47","242.02","1","22","25","",""
"520",2024/3/1 13:23:22,"308","119.84465","31.7132","65.15","79","70","-80.04","5.36","26;171;61;56;192;302;85;67","-83.83;-84.85;-85.13;-85.16;-87.73;-88.09;-88.54;-89.53","442.9","414.01","391.04","1400","7.85","20.28","244.31","3","94.63","83.76","83.87","553","8.83","19.31","239.63","1","22","25","",""
"521",2024/3/1 13:23:23,"308","119.84467","31.71305","65.5","79","70","-80.34","4.79","61;171;56;302;85;26;67;192","-83.84;-85.08;-85.56;-86.60;-87.14;-87.81;-88.61;-88.76","444.96","444.56","383.23","1401","9.14","21.96","242.84","3","103.17","92.87","91.52","600","10.79","19.33","246","1","21","25","",""
"522",2024/3/1 13:23:24,"308","119.84469","31.7129","65.61","79","70","-80.85","4.64","56;61;171;85;67;26;192;302","-83.38;-84.74;-85.75;-86.48;-86.48;-88.77;-89.03;-89.67","533.72","480.67","482.99","1402","10.09","22.15","241.87","3","113.6","100.15","101.9","600","10.24","19.22","246","1","21","25","",""
"523",2024/3/1 13:23:25,"308","119.8447","31.71276","65.48","79","70","-81.19","4.3","56;61;85;67;192;302;171;73;26","-82.65;-84.77;-85.98;-86.68;-88.83;-92.05;-92.37;-115.80;-132.84","542.98","484.78","487.46","1402","9.77","22.24","242.36","3","117.46","103.95","105.28","600","10.27","19.18","246","1","22","25","",""
"524",2024/3/1 13:23:26,"308","119.8447","31.71261","65.11","79","70","-81.4","3.57","56;61;67;85;192;302;171;26;73","-82.12;-85.00;-86.32;-86.80;-89.81;-90.54;-99.01;-109.94;-142.59","549.58","489.11","493.53","1404","10.97","22.56","241.79","3.25","117.35","104.67","105.89","600","9.71","19.14","246","1","22","25","",""
"525",2024/3/1 13:23:27,"308","119.8447","31.71246","64.82","79","70","-82.5","3.06","56;61;67;302;26;85;192","-81.93;-85.32;-85.61;-86.34;-86.84;-87.84;-89.44","549.38","497.1","499.92","1403","9.11","22.31","243.67","3.76","116.8","103.68","104.74","600","12.52","19.05","246","1","22","25","",""
"526",2024/3/1 13:23:28,"308","119.84469","31.71231","65.75","79","56","-81.56","0.77","26;67;70;302;61;85;192;219","-83.64;-85.26;-85.73;-85.76;-86.66;-88.36;-88.50;-115.43","505.96","397","443.59","1401","19.43","19.7","235.4","3.5","107.61","95.12","95.8","600","12.37","18.82","244.5","1","22","25","",""
"527",2024/3/1 13:23:29,"308","119.84468","31.71216","65.97","79","56","-81.33","0.5","26;70;67;61;192;302;85;219;97","-82.25;-85.80;-86.00;-86.11;-87.11;-87.83;-89.08;-115.18;-126.41","474.81","377.66","414.15","1266","9.27","20.97","243.37","3.08","104.35","91.82","91.45","540","12.47","19.28","245.65","1","22","25","",""
"528",2024/3/1 13:23:30,"307","119.84466","31.71201","65.84","79","56","-81.87","0.39","26;70;67;192;302;61;85;219;97","-82.81;-84.63;-85.51;-87.66;-88.04;-89.05;-89.57;-117.16;-125.55","449.28","353.39","390.31","1261","8.53","21.68","241.44","3","101.1","87.94","89.36","540","9.97","19.2","245.96","1","22","25","",""
"529",2024/3/1 13:23:31,"308","119.84463","31.71186","66.2","79","56","-81.67","0.47","26;61;67;70;302;192;85;219;97","-83.88;-85.61;-85.64;-85.89;-88.10;-88.10;-93.43;-118.62;-123.85","479.31","433.54","435.26","1261","9.28","22.63","243.72","3","106.68","94.59","94.55","540","11.25","19.22","246","1","22","25","",""
"530",2024/3/1 13:23:32,"307","119.84459","31.71172","66.28","79","56","-82","0.6","67;61;26;70;192;302;73;219;97","-84.25;-85.16;-85.36;-85.91;-87.59;-90.50;-91.69;-120.49;-123.85","490.56","447.51","448.7","1260","8.48","22.42","241.27","3","106.72","93.29","94.25","540","12.71","19.33","246","1","21","25","",""
"531",2024/3/1 13:23:33,"307","119.84455","31.71158","65.96","79","56","-82.24","1.3","67;61;70;26;192;302;73;219;97","-83.26;-85.64;-85.80;-85.86;-87.53;-89.98;-90.13;-121.60;-129.49","498.51","454.13","457.36","1260","8.76","22.88","241.38","3","106.97","92.83","93.72","540","12.01","19.3","246","1","21","25","",""
"532",2024/3/1 13:23:34,"307","119.8445","31.71144","65.49","79","56","-83.14","-0.02","67;61;26;192;70;302;73;219;97","-84.09;-84.12;-85.99;-86.99;-87.01;-88.02;-90.34;-122.95;-155.98","501.85","462.3","467.43","1260","5.78","23.11","243.87","3","106.61","92.48","92.89","540","12.75","19.28","245.99","1","22","25","",""
"533",2024/3/1 13:23:35,"307","119.84445","31.71129","66.44","79","56","-83.96","0.12","302;67;61;26;70;192;73;219","-83.79;-84.16;-84.41;-87.19;-87.38;-87.46;-91.34;-118.93","510.61","477.01","478.52","1260","6.11","23.65","242.07","3","106.92","92.37","93.44","540","12.08","19.25","245.98","1","22","25","",""
"534",2024/3/1 13:23:36,"307","119.84438","31.71115","66.28","79","56","-84.55","-0.12","302;61;67;70;26;73;192;219;97","-81.08;-83.58;-84.56;-87.84;-88.07;-88.10;-89.55;-116.51;-128.86","524.99","492.95","500.5","1259","3.93","24.34","245.38","3.61","106.37","92.89","94.12","540","10.34","19.21","246","1","22","25","",""
"535",2024/3/1 13:23:37,"306","119.84432","31.71102","66.4","79","56","-84.8","-1.28","302;67;61;26;70;73;192;219;97","-78.16;-84.27;-84.44;-86.29;-87.05;-88.56;-88.93;-117.01;-122.94","533.59","500.69","505.76","1257","6.86","24.56","240.57","4","105.42","93.39","94.1","540","10.57","19.16","245.53","1","22","25","",""
"536",2024/3/1 13:23:38,"306","119.84425","31.71088","65.86","79","56","-85.09","-2.03","302;26;67;61;70;73;192;219;97","-76.32;-84.31;-85.22;-85.84;-87.33;-87.58;-90.38;-121.71;-124.88","542.39","512.49","516.65","1261","3.41","24.87","242.36","3.76","105.03","93.11","94.47","540","10.07","19.17","245.15","1","21","25","",""
"537",2024/3/1 13:23:39,"307","119.84417","31.71075","65.99","79","56","-85.26","-2.32","302;26;61;70;67;73;85;192;219;97","-78.34;-85.34;-85.34;-86.05;-86.10;-86.84;-92.02;-109.90;-116.34;-122.75","545.21","517.98","523.02","1262","5.55","24.64","241.21","3.61","104.71","92.69","93.96","540","10.42","19.19","243.68","1","21","25","",""
"538",2024/3/1 13:23:40,"306","119.84409","31.71061","66.2","79","56","-85.4","-1.71","302;26;67;70;61;73;85;219;97;192","-80.50;-83.73;-85.20;-85.27;-85.48;-86.79;-94.60;-112.52;-123.65;-137.84","548.59","520.91","520.84","1260","7.02","24.76","243.65","3.58","104.35","93.39","93.76","540","10.57","19.2","245.91","1","21","25","",""
"539",2024/3/1 13:23:41,"306","119.844","31.7105","65.27","79","56","-84.85","-2.76","302;26;67;61;70;73;219;97","-80.98;-84.03;-85.33;-85.45;-87.35;-89.37;-114.79;-123.65","544.37","507.38","509.8","1264","9.04","24.03","241.6","3.33","104.43","93.33","93.6","540","10.96","19.24","245.97","1","22","25","",""
"540",2024/3/1 13:23:42,"307","119.8439","31.71037","65.41","79","56","-86.53","-4.11","302;26;67;61;70;73;219;97","-80.20;-83.30;-84.38;-84.63;-87.24;-87.72;-113.27;-123.05","529.99","488.41","487.7","1262","11.12","23.34","240.28","3.69","104.66","93.58","94.19","540","9.85","19.27","245.93","1","21","25","",""
"541",2024/3/1 13:23:43,"307","119.8438","31.71025","65.73","79","56","-81.42","2.23","302;26;61;67;73;70;219;97","-77.90;-82.55;-84.45;-85.59;-88.53;-89.50;-117.11;-123.05","513.88","464.38","469.19","1262","11.19","23.11","241.63","3.84","104.18","93.4","93.82","540","10.05","19.17","245.97","1","20","25","",""
"542",2024/3/1 13:23:44,"307","119.84371","31.71013","65.21","79","56","-81.94","0.49","302;26;67;61;73;70;219;97","-75.46;-81.70;-84.79;-85.17;-88.36;-88.39;-117.78;-124.08","496.82","452.61","451.95","1260","14.24","21.96","242.02","3.83","104.56","93.25","94.39","540","9.86","19.21","245.71","1","21","25","",""
"543",2024/3/1 13:23:45,"307","119.8436","31.71001","65.73","79","56","-82.25","-0.57","302;26;61;67;73;70;82;85;219;97","-74.96;-82.35;-83.92;-85.29;-86.66;-88.19;-89.27;-89.58;-118.10;-155.98","481.54","437.66","437.44","1258","11.11","21.3","243.04","4","104.27","93.33","93.81","540","10.4","19.2","245.94","1","22","25","",""
"544",2024/3/1 13:23:46,"308","119.84351","31.7099","64.55","79","56","-82.48","0.09","302;61;26;67;73;85;70;82;219;97","-75.34;-83.13;-83.63;-85.29;-86.44;-87.02;-87.13;-111.21;-117.11;-155.98","462.37","416.63","417.82","1259","13.42","19.95","242.4","4","104.75","93.78","94.25","540","10.46","19.19","245.91","1","22","25","",""
"545",2024/3/1 13:23:47,"308","119.8434","31.70979","64.27","79","56","-82.57","-0.41","302;61;26;70;85;73;219","-76.10;-81.80;-84.02;-87.16;-87.52;-88.06;-113.24","442.13","401.26","403.94","1257","9.76","20.13","242.56","4","104.84","93.55","94.57","540","10.01","19.19","245.97","1","22","25","",""
"546",2024/3/1 13:23:48,"307","119.84327","31.70969","64.95","79","56","-82.19","0.77","302;61;26;85;70;73;192;82;219","-77.30;-81.98;-84.63;-86.49;-89.34;-91.90;-99.56;-103.11;-114.48","429.53","389.22","392.7","1257","9.54","19.82","241.51","4","104.91","93.15","94.31","540","11.35","19.11","246","1","22","25","",""
"547",2024/3/1 13:23:49,"308","119.84314","31.70958","65.36","79","56","-82.65","0.94","302;61;67;26;85;70;82;192;219","-78.27;-81.73;-83.73;-85.61;-86.30;-89.97;-100.60;-104.78;-116.30","431.66","388.98","391.02","1257","10.41","19.83","242.5","3.92","101.75","90.23","90.62","540","11.75","18.68","246","1","22","25","",""
"548",2024/3/1 13:23:50,"308","119.84301","31.70949","64.95","79","56","-84.2","-0.81","302;61;67;85;26;70;192;219","-76.78;-82.01;-82.65;-85.21;-87.06;-92.99;-98.20;-120.15","431.98","380.75","384.18","1256","12.02","19.66","240.54","4","96.93","85.7","86.21","540","9.68","17.31","245.96","1","22","25","",""
"549",2024/3/1 13:23:51,"309","119.84289","31.7094","63.84","79","56","-85.18","-2.74","302;67;61;85;26;70;192;219","-76.81;-80.48;-82.99;-85.01;-87.12;-90.38;-99.80;-123.37","427.71","374.21","371.89","1259","12.73","19.12","239.74","3.92","91.57","79.49","81.2","540","11.76","18.16","242.85","1","23","25","",""
"550",2024/3/1 13:23:52,"312","119.84277","31.70932","63.73","79","56","-84.91","-2.62","302;67;61;85;26;70;192;219","-71.48;-83.23;-83.30;-84.26;-88.61;-89.06;-89.34;-120.95","413.8","357.87","361.88","1258","10.34","18.23","243.43","3.83","91.51","80.98","81.73","540","10.03","18.81","243","1","23","25","",""
"551",2024/3/1 13:23:53,"312","119.84262","31.70923","64.04","79","56","-84.12","-2.35","302;85;61;67;192;26;219","-69.87;-84.80;-85.58;-87.03;-90.97;-91.84;-121.74","390.26","350.81","351.36","1256","9.7","17.34","240.88","3.75","93.89","83.97","83.24","540","11.21","19.07","243","1","23","25","",""
"552",2024/3/1 13:23:54,"312","119.84247","31.70915","63.84","79","56","-83.67","-3.45","302;61;85;26;192;67;219","-70.45;-84.25;-84.98;-90.18;-91.09;-91.50;-118.81","374.96","338.96","343.44","1257","8.51","17.41","241.52","3.76","97.01","83.66","84.66","540","13.72","19.16","243","1","23","25","",""
"553",2024/3/1 13:23:55,"313","119.84233","31.70906","64.37","79","56","-83.67","-5.75","302;67;85;61;26;192;70;219","-70.07;-82.06;-83.52;-84.67;-85.44;-93.27;-117.30;-122.24","369.69","340.67","341.39","1259","7.54","17.73","241.32","3.69","97.45","84.46","85.05","540","10.33","19.19","243","1","23","25","",""
"554",2024/3/1 13:23:56,"313","119.8422","31.70898","63.86","79","56","-84.6","-7.15","302;26;85;61;67;192;70;219","-71.04;-80.84;-83.00;-85.45;-90.73;-92.39;-117.30;-122.32","379.51","344.6","351.55","1258","7.87","18.38","243.88","4","96.02","81.96","83.18","540","14.15","18.13","245.12","1","22","25","",""
"555",2024/3/1 13:23:57,"313","119.84205","31.7089","65.31","79","56","-85.1","-8.61","302;26;85;67;61;219","-70.91;-78.83;-81.39;-93.45;-116.22;-125.41","388.93","353.52","357.03","1257","11.25","18.6","243.51","4","91.95","78.63","80.88","540","10.52","17.16","245.96","1","22","25","",""
"556",2024/3/1 13:23:58,"312","119.8419","31.70883","64.6","79","56","-86.95","-8.37","302;26;85;67;70;219;61","-72.06;-77.96;-80.06;-93.73;-99.48;-119.59;-133.33","398.45","356.04","359.64","1258","10.37","18.86","241.77","4","86.96","75.51","76.18","540","11.5","16.78","245.37","1","22","25","",""
"557",2024/3/1 13:23:59,"313","119.84174","31.70877","64.59","79","56","-85.51","-8.22","302;26;85;61;67;219;70","-72.84;-78.54;-78.93;-87.16;-93.73;-120.73;-125.96","405.18","353.47","357.95","1254","11.12","18.81","240.44","4","86.36","74.57","75.53","540","14.47","18","243","1","23","25","",""
"558",2024/3/1 13:24:00,"313","119.84158","31.70871","64.65","79","56","-83","-7.15","302;26;70;85;61;67;219","-73.94;-79.55;-84.50;-85.61;-89.26;-92.82;-118.87","409.63","359.21","365.4","1258","7.14","19.34","241.83","3.84","89.5","76.73","77.68","540","11.13","18.83","242.99","1","22","25","",""
"559",2024/3/1 13:24:01,"314","119.84142","31.70864","65.89","79","56","-81.66","-5.77","302;85;26;70;61;67;219;97","-74.33;-79.06;-80.00;-83.91;-89.95;-90.98;-121.49;-123.63","415.99","368.44","375.07","1256","7.44","19.72","241.76","4","94.43","81.38","82.28","540","10.46","19.21","243","1","21","25","",""
"560",2024/3/1 13:24:02,"315","119.84127","31.70858","64.94","79","56","-80.89","-5.64","302;26;70;85;67;61;219;97","-72.88;-82.17;-85.80;-86.75;-90.23;-92.04;-118.09;-127.49","422.21","382.74","383.34","1258","11.51","19.54","242.17","4","96.95","84.29","85.11","540","13.05","19.17","245.09","1","22","25","",""
"561",2024/3/1 13:24:03,"315","119.84112","31.70852","64.64","79","56","-81.41","-4.83","302;26;70;85;67;192;219;97","-73.41;-80.57;-86.41;-87.84;-87.99;-89.05;-118.66;-125.37","423.64","386.17","388.06","1255","7.56","19.67","243.39","4","96.97","85.67","85.63","540","10.9","18.68","246","1","22","25","",""
"562",2024/3/1 13:24:04,"316","119.84095","31.70846","66.03","79","56","-81.53","-3.47","302;26;67;70;85;192;219;97","-72.66;-82.14;-87.27;-87.67;-88.70;-94.06;-119.42;-128.64","425.64","380","385.81","1257","9.06","19.54","240.73","4","94.39","82.91","83.44","540","10.42","17.34","245.95","1","22","25","",""
"563",2024/3/1 13:24:05,"316","119.84078","31.70843","65.34","79","56","-81.79","-4.89","302;26;67;70;85;192;219;97","-71.78;-79.89;-86.41;-88.02;-88.53;-90.74;-116.55;-155.98","426.85","379.84","382.42","1258","13.56","19.19","241.5","4","90.89","80.34","80.95","540","10.49","17.21","246","1","22","25","",""
"564",2024/3/1 13:24:06,"316","119.84059","31.70838","65.67","79","56","-82.84","-6.58","302;26;67;70;192;219;85;97","-70.88;-80.50;-87.64;-87.93;-91.40;-114.55;-121.00;-123.52","427.59","373.88","379.78","1259","9.37","19.47","242.04","4","87.75","77.72","78.43","540","9.96","17.27","246","1","22","25","",""
"565",2024/3/1 13:24:07,"315","119.84042","31.70836","67.25","79","56","-85.14","-6.17","302;26;44;67;70;192;85;219;171;97","-70.92;-82.64;-87.53;-87.83;-88.77;-89.56;-91.60;-115.98;-120.90;-122.36","430.24","379.68","381.67","1260","8.34","19.91","241.49","4","87.69","77.72","78.26","540","9.96","17.32","246","1","22","25","",""
"566",2024/3/1 13:24:08,"315","119.84026","31.70832","66.2","79","56","-84.71","-7.45","302;26;67;192;44;70;171;219;97","-70.76;-81.34;-87.48;-88.15;-88.82;-92.41;-93.86;-120.44;-155.98","429.46","388.68","395.48","1258","6.29","20.09","241.69","4","87.47","77.82","78.13","540","10.96","17.52","243.75","1","23","25","",""
"567",2024/3/1 13:24:09,"314","119.84007","31.70832","67.09","79","56","-90.97","-7.36","302;85;26;44;70;192;67;219;97","-70.79;-83.18;-84.70;-87.73;-90.88;-91.31;-92.69;-117.22;-155.98","431.2","394.72","399.61","1258","8.03","20.15","238.9","4","80.81","72.42","71.66","540","12.38","13.03","243","1","23","25","",""
"568",2024/3/1 13:24:10,"313","119.83991","31.7083","65.9","79","302","-71.85","11.97","85;44;26;192;70;67;219","-85.44;-86.91;-87.16;-88.44;-90.79;-96.60;-111.93","367.96","394.72","335.31","1238","12.33","10.49","236.97","3","66.19","58.36","58.44","532","14.91","10.67","244.84","1","23","25","",""
"569",2024/3/1 13:24:11,"311","119.83974","31.70828","66.27","79","302","-71.93","10.85","85;26;44;192;56;67;70;219","-83.55;-84.18;-85.43;-87.48;-87.57;-88.70;-90.38;-119.27","369.9","","325.53","1248","12.78","14.05","241.63","3","70.25","61.61","62.29","537","10.01","19.38","246","1","19","25","",""
"570",2024/3/1 13:24:12,"311","119.83956","31.70827","65.81","79","302","-72.19","11.89","26;44;192;56;70;67;219;97;85","-83.32;-83.45;-86.97;-87.55;-89.95;-90.34;-119.03;-122.63;-139.70","393.32","386.26","347.54","1258","8.89","15.05","242.24","3","90","79.99","80.09","540","10.68","22.13","246","1","19","25","",""
"571",2024/3/1 13:24:13,"311","119.83939","31.70825","66.54","79","302","-72.6","11.37","44;85;26;192;56;67;219;97","-81.80;-83.04;-84.70;-85.48;-87.47;-91.64;-114.09;-127.27","443.78","391.69","395.89","1259","12.42","14.75","240.94","3","114.27","107.3","102.5","540","9.07","21.29","246","1","19","25","",""
"572",2024/3/1 13:24:14,"310","119.83921","31.70825","66.49","79","302","-73.42","12.85","44;85;192;26;56;67;219;97","-81.05;-82.32;-84.20;-84.32;-89.80;-90.77;-118.36;-127.27","443.28","392.94","397.53","1258","11.2","14.49","242.45","3","118.15","104.48","105.92","540","10.55","20.98","246","1","19","25","",""
"573",2024/3/1 13:24:15,"309","119.83903","31.70825","66.35","79","302","-73.31","12.22","44;85;192;26;56;67;219;97","-79.29;-82.47;-83.22;-83.96;-86.51;-92.65;-117.89;-124.01","437.92","389.5","398.52","1258","7.87","17.29","244.61","3","115.08","102.73","103.97","540","9.53","20.85","246","1","19","25","",""
"574",2024/3/1 13:24:16,"309","119.83887","31.70827","65.94","79","302","-73.14","11.65","85;44;192;26;67;56;219;97","-81.88;-83.04;-84.18;-85.54;-93.21;-94.26;-116.67;-124.01","475.63","451.82","452.21","1257","0.71","24.89","243.77","3","114.48","102.18","103.33","540","8.93","20.77","246","1","19","25","",""
"575",2024/3/1 13:24:17,"309","119.83871","31.70828","64.63","79","302","-73.03","11.11","85;44;192;26;56;67;219;97","-80.17;-82.04;-86.53;-87.46;-95.61;-96.45;-117.87;-122.86","528.5","505.39","503.85","1259","8.17","25.31","243.4","3","113.33","101.44","102.21","540","10.52","20.23","246","1","19","25","",""
"576",2024/3/1 13:24:18,"309","119.83854","31.7083","65.49","79","302","-73.39","11.22","85;44;56;192;26;67;219;97","-79.38;-81.02;-85.49;-86.09;-87.93;-97.55;-120.26;-120.65","567.79","531.54","538.88","1260","5.37","25.74","241.11","3","111.81","99.91","100.37","540","11.73","19.99","246","1","19","25","",""
"577",2024/3/1 13:24:19,"308","119.83838","31.70832","64.42","79","302","-74.1","10.59","85;44;56;192;26;67;219;97","-80.12;-81.92;-84.95;-85.53;-86.97;-95.03;-118.64;-155.98","571.28","529.83","530.24","1259","6.81","25.29","243.17","3.76","109.55","97.21","98.05","540","9.71","19.35","246","1","22","25","",""
"578",2024/3/1 13:24:20,"309","119.83822","31.70835","64.51","79","302","-74.54","8.87","85;44;26;56;192;219;97","-81.29;-81.63;-86.17;-86.45;-86.69;-114.97;-123.06","567.49","530.26","535.25","1258","4.45","25.67","241.51","3.84","108.38","96.31","97.28","540","9.49","19.21","246","1","22","25","",""
"579",2024/3/1 13:24:21,"308","119.83805","31.70837","63.91","79","302","-75.09","7.28","26;44;85;192;67;147;219;97","-80.94;-81.02;-81.34;-85.55;-87.03;-89.67;-116.48;-123.06","569.5","533.97","535.02","1259","6.32","25.43","243.72","3.83","106.94","95.37","96.39","540","10.09","19.2","246","1","22","25","",""
"580",2024/3/1 13:24:22,"307","119.83789","31.7084","63.14","79","302","-75.72","4.66","44;26;85;192;147;67;219;97","-80.09;-81.40;-83.33;-86.58;-93.15;-95.07;-120.01;-126.05","570","535.1","539.33","1259","5.16","25.52","243.74","3.15","107.01","94.52","95.85","540","10.61","19.22","246","1","22","25","",""
"581",2024/3/1 13:24:23,"307","119.83773","31.70844","63.18","79","302","-76.09","4.2","26;44;85;67;192;147;219;97","-80.06;-81.81;-83.33;-85.33;-85.39;-94.86;-121.38;-126.05","568.76","532.06","533.09","1260","6.59","25.2","243.27","3.16","107.04","94.6","95.4","540","10.98","19.23","246","1","22","25","",""
"582",2024/3/1 13:24:24,"308","119.83757","31.70847","63.08","79","302","-76.39","3.67","26;44;67;192;147;219;97","-81.45;-81.52;-85.53;-88.37;-94.86;-124.53;-127.69","565.24","530.23","535.62","1260","4.89","25.36","243.79","3.41","107","94.27","95.02","540","11.09","19.22","246","1","22","25","",""
"583",2024/3/1 13:24:25,"307","119.83741","31.70851","62.46","79","302","-77.32","3.35","26;44;67;56;192;219;97","-81.48;-83.36;-84.19;-88.45;-89.73;-123.17;-127.69","565.2","536.72","538.66","1257","3.08","25.7","243.7","3.61","106.66","93.37","94.27","540","12.59","19.26","246","1","22","25","",""
"584",2024/3/1 13:24:26,"307","119.83727","31.70857","61.67","79","302","-77.46","3.8","26;44;192;56;219;97","-81.30;-83.08;-88.73;-88.98;-124.59;-155.98","566.97","540.48","544.93","1259","4.61","25.54","242.86","3.69","106.04","92.77","93.96","540","10.38","19.21","246","1","22","25","",""
"585",2024/3/1 13:24:27,"307","119.83712","31.70861","61.51","79","302","-77.4","4.36","26;44;56;219;147","-80.97;-82.44;-88.13;-125.82;-138.64","568.58","545.82","548.33","1259","3.36","25.81","242.39","3.91","105.39","93.12","93.99","540","10.38","19.25","246","1","22","25","",""
"586",2024/3/1 13:24:28,"307","119.83698","31.70867","61.39","79","302","-77.47","4.12","26;44;56;192;147;219","-80.53;-81.81;-88.14;-89.75;-108.16;-125.77","571.34","542.62","548.12","1259","5.3","25.68","243.79","3.92","105.57","93.2","94.64","540","10.71","19.24","246","1","22","25","",""
"587",2024/3/1 13:24:29,"307","119.83684","31.70872","60.71","79","302","-77.84","2.48","26;44;56;192;219","-79.53;-81.24;-87.48;-88.44;-123.06","573.92","547.15","553.4","1258","3.41","25.91","243.21","3.58","105.87","93.7","94.38","540","11.54","19.24","246","1","22","25","",""
"588",2024/3/1 13:24:30,"307","119.8367","31.70879","61.27","79","302","-78.51","2.43","26;44;192;56;219","-79.09;-80.47;-87.22;-87.34;-124.23","573.61","545.58","547.64","1260","4.6","25.67","243.04","4","105.6","93.58","94.22","540","10.12","19.2","246","1","22","25","",""
"589",2024/3/1 13:24:31,"307","119.83658","31.70884","60.55","79","302","-78.93","1.68","26;44;56;192;67;219;97","-78.96;-80.26;-87.97;-88.73;-96.07;-121.78;-127.37","578.96","553.8","557.39","1258","3.25","26.17","245.01","3.75","105.35","93.67","94.22","540","10.61","19.21","245.85","1","22","25","",""
"590",2024/3/1 13:24:32,"307","119.83645","31.70891","59.73","79","302","-79","2.47","26;44;85;56;192;67;219;97","-78.90;-79.92;-87.02;-88.13;-89.55;-100.87;-121.23;-127.37","579.86","548.01","549.94","1258","7.14","25.79","242.21","3.75","104.75","93.43","94.36","540","10.33","19.22","245.57","1","22","25","",""
"591",2024/3/1 13:24:33,"307","119.83632","31.70897","58.75","79","302","-79.28","2.1","26;44;85;56;192;219;67;97","-78.53;-79.79;-84.54;-88.89;-90.94;-121.67;-124.59;-127.13","582.08","543.87","548.02","1259","6.41","25.87","243.46","3.61","105.06","93.63","94.47","540","10.42","19.2","245.95","1","22","25","",""
"592",2024/3/1 13:24:34,"307","119.83619","31.70905","58.34","79","302","-79.47","2.01","26;44;192;85;56;219;97","-78.86;-79.14;-83.74;-84.77;-91.47;-122.31;-127.13","577.92","527.34","531.82","1259","10.63","25.42","242.85","4","104.77","93.71","94.3","540","9.53","19.19","246","1","22","25","",""
"593",2024/3/1 13:24:35,"307","119.83606","31.70912","58","79","302","-79.68","1.76","26;44;192;85;56;219;97","-78.51;-80.52;-82.24;-85.88;-93.16;-121.95;-127.04","569.33","517.36","519.69","1258","9.85","25.11","242.76","3.91","105.18","94.29","95.11","540","9.86","19.2","246","1","22","25","",""
"594",2024/3/1 13:24:36,"307","119.83594","31.70919","57.27","79","302","-80.38","3.24","44;26;192;85;219;97","-79.24;-79.33;-86.16;-87.55;-122.54;-127.30","561.98","509.83","515.11","1259","7.62","24.84","244.58","3.69","104.84","93.44","94.39","540","11.09","19.21","246","1","22","25","",""
"595",2024/3/1 13:24:37,"307","119.83582","31.70926","57.26","79","302","-80.82","3.44","44;26;192;85;219;97","-78.02;-79.55;-86.20;-87.40;-119.99;-125.30","548.5","503.55","505.88","1258","11.29","24.44","242.25","4","105.18","93.68","94.72","540","10.01","19.2","246","1","22","25","",""
"596",2024/3/1 13:24:38,"307","119.83571","31.70934","56.47","79","302","-81.04","3.76","44;26;192;85;219;97","-78.48;-79.89;-82.46;-84.33;-123.34;-125.17","537.73","493.55","495.4","1258","9.95","23.97","244.49","4","104.84","93.32","94.06","540","10.86","19.22","246","1","22","25","",""
"597",2024/3/1 13:24:39,"307","119.8356","31.70942","56.05","79","302","-80.82","4.32","44;26;85;192;219;97","-77.92;-81.01;-82.53;-82.92;-121.83;-125.17","526.74","479.11","482.57","1258","10.14","23.73","243.61","4","105.18","94.22","94.65","540","10.05","19.2","246","1","21","25","",""
"598",2024/3/1 13:24:40,"307","119.83549","31.7095","55.86","79","302","-80.75","4.79","44;85;26;192;219;97","-78.46;-81.27;-81.50;-85.70;-120.40;-125.27","519.06","475.13","479.08","1258","8.67","23.19","244.88","4","104.83","93.51","94.18","540","10.52","19.2","246","1","22","25","",""
"599",2024/3/1 13:24:41,"306","119.83539","31.70959","56.32","79","302","-80.69","4.68","44;85;26;192;219;97","-79.43;-80.33;-82.86;-83.84;-117.33;-121.77","509.52","466.56","464.81","1258","11.44","22.68","241.38","4","105.18","93.99","94.72","540","10.24","19.19","246","1","22","25","",""
"600",2024/3/1 13:24:42,"306","119.8353","31.70968","55.75","79","302","-81.63","4.55","44;85;192;26;219;97","-79.10;-81.08;-81.41;-83.84;-118.13;-120.16","503.14","457.36","461.51","1258","7.3","22.69","243.9","4","104.88","94.34","94.73","540","9.21","19.18","246","1","22","25","",""
"601",2024/3/1 13:24:43,"306","119.83521","31.70977","55.41","79","302","-82.12","4.33","44;85;192;26;219;97","-78.89;-81.13;-81.85;-83.64;-114.40;-120.16","498.91","455.81","458.11","1257","7.64","22.95","241.43","4","104.71","92.35","93.63","540","12.84","19.06","246","1","22","25","",""
"602",2024/3/1 13:24:44,"306","119.83512","31.70987","54.91","79","44","-79.74","8.26","85;302;192;26","-78.83;-82.53;-83.69;-84.97","475.08","370.7","425.73","1295","16.32","17.61","237.06","4","104.65","91.38","92.83","549","13.47","19.21","245.55","1","22","26","",""
"603",2024/3/1 13:24:45,"306","119.83504","31.70997","54.49","79","44","-79.79","7.73","85;302;26;192","-76.96;-82.99;-85.02;-87.18","531.83","431.33","482.23","1403","6.35","26.85","239.09","4","109.4","94.72","95.83","600","11.18","19.29","246","1","22","23","",""
"604",2024/3/1 13:24:46,"306","119.83497","31.71007","53.71","79","44","-79.4","6.01","85;302;26;192","-76.54;-82.40;-85.34;-86.55","579.08","558.57","518.25","1406","11.53","25.5","236.45","4","114.53","99.36","100.64","600","11.87","19.55","246","1","21","20","",""
"605",2024/3/1 13:24:47,"306","119.8349","31.71017","53.84","79","44","-79.58","4.59","85;302;192;26;56","-77.87;-81.64;-83.45;-85.68;-92.38","647.02","595.14","596.17","1408","6.82","26.05","241.7","4","118.92","103.41","104.83","600","11.7","19.31","246","1","22","21","",""
"606",2024/3/1 13:24:48,"305","119.83483","31.71028","53.92","79","44","-82.07","3.06","85;192;302;26;56","-78.10;-79.73;-82.58;-84.34;-91.93","646.66","595.95","599.43","1408","4.35","25.95","242.59","4","116.62","102.79","103.04","600","10.88","18.75","246","1","22","21","",""
"607",2024/3/1 13:24:49,"306","119.83477","31.71038","53.44","79","192","-79.17","8.24","85;44;302;26","-79.37;-82.31;-82.41;-84.40","567.44","595.95","524.82","1403","11.51","14.33","237.19","3.9","100.15","84.31","87.87","600","14.31","13.32","243.08","1","22","26","",""
"608",2024/3/1 13:24:50,"306","119.83471","31.71049","52.96","79","192","-74.92","6.95","85;302;44;26;159","-78.39;-82.70;-84.49;-84.80;-140.84","495.47","397.18","445.54","1350","14.93","14.92","235.48","4","89.82","78.46","78.66","585","13.24","17.44","245.58","1","22","26","",""
"609",2024/3/1 13:24:51,"306","119.83465","31.71059","52.52","79","192","-73.6","9.61","85;302;26;44;159","-78.98;-83.45;-84.42;-84.53;-97.34","459.62","442.73","404.28","1402","9.7","16.19","239.35","4","99.97","87.82","88.66","600","8.86","22.93","246","1","19","20","",""
"610",2024/3/1 13:24:52,"306","119.83459","31.7107","52.42","79","192","-73.35","10.14","85;302;26;159;44","-79.75;-83.58;-84.80;-97.66;-107.84","529.67","491.56","489.82","1406","6.62","20.37","238.78","4","127.24","109.6","113.45","600","11.22","22.99","246","1","19","20","",""
"611",2024/3/1 13:24:53,"306","119.83454","31.71081","52.41","79","192","-74.06","10.14","85;302;26;159;44","-78.18;-84.51;-85.09;-97.10;-115.57","584.75","554.97","556.16","1404","2.63","26.25","241.77","3.92","141.04","125.81","126.54","600","10.2","22.21","246","1","19","21","",""
"612",2024/3/1 13:24:54,"307","119.83449","31.71092","52.62","79","192","-75.44","10.85","85;302;26;44","-77.77;-84.53;-86.31;-95.57","623.63","597.96","599.5","1405","5.27","24.92","243.46","3.41","135.72","120.14","121.07","600","10.21","20.77","246","1","19","22","",""
"613",2024/3/1 13:24:55,"307","119.83444","31.71103","52.08","79","192","-76.02","11.37","85;302;26;56","-76.77;-84.23;-86.71;-88.95","651.94","626.28","628.83","1406","3.98","26.33","244.05","3.38","129.79","113.65","116.16","600","10.01","20.09","246","1","19","21","",""
"614",2024/3/1 13:24:56,"307","119.83439","31.71114","52.55","79","192","-77.06","10.82","85;302;56;26","-76.56;-84.27;-86.77;-88.29","659.65","635.11","640.66","1406","0.57","26.6","245.77","3.58","124.5","109.75","111.56","600","10.21","19.66","246","1","22","20","",""
"615",2024/3/1 13:24:57,"307","119.83436","31.71125","51.82","79","192","-73.32","9.09","85;56;44;26;302","-75.63;-79.45;-80.62;-87.70;-90.44","664.37","645.84","651.36","1402","2.38","26.68","243.56","3","132.99","117.43","119.24","600","10.4","24.91","246","1","19","17","",""
"616",2024/3/1 13:24:58,"308","119.83431","31.71136","51.88","79","192","-73.13","10.99","44;85;56;26;302","-77.09;-77.91;-80.32;-86.05;-89.02","668.13","654.95","660.76","1406","0.49","26.88","245.45","3.16","145.05","128.89","130.49","600","9.01","25.28","246","1","19","18","",""
"617",2024/3/1 13:24:59,"308","119.83427","31.71146","51.1","79","192","-73.52","11.26","44;56;85;26","-77.16;-80.32;-81.76;-85.75","672.98","662.44","666.37","1404","1.99","26.82","244.07","3.46","158.59","140.43","142.64","600","10.05","25.35","246","1","19","18","",""
"618",2024/3/1 13:25:00,"308","119.83423","31.71156","50.84","79","192","-74.35","10.04","44;56;85;26","-80.05;-81.61;-83.47;-84.31","672.18","661.01","664.44","1408","1.28","26.87","242.61","3.91","160.73","142.94","144.73","600","9.69","25.31","246","1","19","19","",""
"619",2024/3/1 13:25:01,"308","119.8342","31.71167","50.5","79","192","-74.74","10.61","44;56;85;26;302","-78.18;-81.27;-82.74;-83.11;-92.28","671.88","657.28","663.21","1408","2.13","26.23","243.27","4","160.83","142.88","144.53","600","9.88","25.29","246","1","19","19","",""
"620",2024/3/1 13:25:02,"308","119.83416","31.71177","50.24","79","192","-75.33","10.39","44;56;85;26;302;159","-76.56;-81.11;-82.05;-82.23;-96.38;-98.63","672.07","660.12","664.28","1402","0.64","26.95","245.63","3.91","160.49","142.26","144.03","600","10.21","25.27","246","1","19","19","",""
"621",2024/3/1 13:25:03,"308","119.83412","31.71189","50.38","79","192","-75.74","10","44;56;85;26;302;159","-77.12;-80.81;-81.86;-81.87;-95.29;-99.04","674.75","663.26","667.41","1404","0.92","26.78","244.62","3.76","160.53","142.71","143.7","600","10.35","25.33","246","1","19","19","",""
"622",2024/3/1 13:25:04,"308","119.83408","31.712","50.26","79","192","-76.57","7.5","85;44;56;26;302","-78.13;-80.09;-82.66;-82.91;-93.87","674.42","666.65","670.7","1404","0.14","26.92","244.03","3.58","160.8","141.78","143.78","600","9.84","25.36","246","1","19","18","",""
"623",2024/3/1 13:25:05,"308","119.83406","31.71211","50","79","192","-70.32","12.63","44;85;26;56;302","-76.43;-77.61;-80.63;-84.98;-92.34","675.09","664.16","668.96","1404","1.42","26.25","245.32","3.61","160.13","141.66","142.62","600","11.05","24.97","246","1","19","17","",""
"624",2024/3/1 13:25:06,"309","119.83403","31.71223","50.19","79","192","-70.34","12.36","44;85;26;56;302;159","-74.83;-80.89;-81.17;-84.09;-91.62;-93.95","673.83","664.56","668.95","1405","0.64","26.79","243.77","3.5","160.22","141.37","142.61","600","10.55","25.35","246","1","19","18","",""
"625",2024/3/1 13:25:07,"309","119.83401","31.71235","50.88","79","192","-69.89","12.36","44;26;85;159;302","-75.16;-80.48;-82.45;-92.20;-95.41","674.79","664.91","669.91","1405","0","27","245.8","4","160.88","142.09","143.65","600","9.04","25.63","246","1","19","18","",""
"626",2024/3/1 13:25:08,"309","119.83399","31.71247","50.65","79","192","-70.12","11.98","44;26;85;159;302","-79.32;-80.34;-84.50;-90.64;-94.74","675.27","668.33","672.78","1402","1.06","26.86","244.25","3.25","163.27","143.52","145.01","600","12.87","25.8","246","1","19","18","",""
"627",2024/3/1 13:25:09,"309","119.83397","31.71258","51.28","79","192","-69.89","14.18","44;26;302;85;159","-78.55;-80.02;-91.91;-93.22;-93.27","675.58","668.44","672.94","1403","0.07","26.93","245","3.76","165.41","145.04","146.97","600","10.5","25.99","246","1","19","17","",""
"628",2024/3/1 13:25:10,"309","119.83396","31.7127","50.97","79","192","-70.12","14.35","44;26;302;85;159","-79.03;-79.78;-87.22;-93.84;-105.66","675.82","664.06","672.73","1402","1.14","26.79","245.45","3.66","166.77","152.51","151.56","600","3.51","26","246","1","18","17","",""
"629",2024/3/1 13:25:11,"309","119.83396","31.7128","51.36","79","192","-70.76","12.82","44;26;159;302;85","-77.73;-80.20;-86.19;-86.99;-87.09","676.28","666.62","670.6","1402","1.07","26.98","245.42","3.3","167.44","156.54","155.04","600","8.04","26.02","246","1","17","16","",""
"630",2024/3/1 13:25:12,"309","119.83395","31.71293","51.44","79","192","-70.9","13.39","44;26;302;159;85","-78.20;-80.21;-83.48;-85.84;-87.09","676.45","668.7","670.67","1405","0.14","26.85","244.59","3.25","167.24","152.48","153.65","600","12.66","25.89","246","1","18","16","",""
"631",2024/3/1 13:25:13,"309","119.83396","31.71304","51.81","79","192","-71.39","12.94","44;26;302;171;159","-80.51;-80.55;-83.78;-83.85;-88.13","674.73","664.64","669.92","1406","1.78","26.81","243.51","3.84","167.18","147.82","150.87","600","8.87","26","246","1","19","17","",""
"632",2024/3/1 13:25:14,"309","119.83396","31.71316","52.03","79","192","-71.99","12.76","44;26;302;159;171","-82.13;-82.28;-83.97;-86.70;-98.72","675.27","664.23","668.51","1408","0.85","26.87","244.72","3.83","167.13","148.13","149.25","600","10.72","26.01","246","1","19","17","",""
"633",2024/3/1 13:25:15,"309","119.83398","31.71328","52.47","79","192","-72.71","12.79","26;85;44;159;302;147;171","-80.79;-82.66;-83.39;-84.70;-85.47;-89.05;-93.85","674.33","663","671.47","1408","0.21","26.92","243.23","4","165.73","146.8","148.41","600","11.87","25.44","246","1","19","17","",""
"634",2024/3/1 13:25:16,"309","119.834","31.71339","51.69","79","192","-73.9","13.22","26;85;302;159;44;147;171","-81.37;-83.99;-85.71;-86.44;-87.84;-90.20;-98.66","673.85","664.5","669.8","1406","1.35","26.87","244.14","4","163.42","144.72","145.82","600","9.04","25.27","246","1","19","18","",""
"635",2024/3/1 13:25:17,"308","119.83402","31.7135","51.23","79","192","-74.63","13.37","26;85;302;44;159;171;147","-81.10;-83.80;-84.01;-85.06;-85.49;-88.73;-90.34","672.92","664.47","669.13","1404","0.07","26.92","243.77","4","160.79","143.02","143.86","600","9.34","25.2","246","1","19","19","",""
"636",2024/3/1 13:25:18,"308","119.83404","31.71361","51.08","79","192","-72.45","14.01","56;302;171;26;44;159","-80.31;-85.12;-87.13;-98.55;-150.80;-155.61","669.88","657.48","663.15","1402","2.8","26.77","243.65","4","155.42","137.55","139.52","600","11.27","23.39","246","1","19","18","",""
"637",2024/3/1 13:25:19,"308","119.83408","31.71372","51.25","79","192","-72.91","13.83","56;302;171;26;44;159","-81.30;-84.79;-87.13;-110.90;-141.39;-155.99","670.83","659.67","664.24","1404","0.21","26.96","244.78","4","149.99","131.85","134.06","600","10.05","23.13","246","1","19","18","",""
"638",2024/3/1 13:25:20,"309","119.83411","31.71383","50.93","79","192","-74.03","13.23","56;302","-81.87;-84.41","670.57","656.55","657.17","1404","3.49","26.75","243.48","4","143.21","127.13","127.42","600","10.88","22.44","246","1","19","20","",""
"639",2024/3/1 13:25:21,"308","119.83415","31.71394","50.45","79","192","-74.83","12.87","56;302;147","-82.43;-86.79;-89.57","674.09","656.77","660.83","1406","1.49","26.74","244.88","4","140.14","124.89","125.67","600","9.38","22.21","246","1","19","21","",""
"640",2024/3/1 13:25:22,"308","119.8342","31.71405","51.05","79","192","-75.35","12.3","56;302;26;147","-83.77;-87.99;-89.48;-89.85","669.99","643.99","648.64","1402","3.99","26.42","242.7","4","137.44","122.1","123.27","600","10.05","22.07","246","1","19","21","",""
"641",2024/3/1 13:25:23,"308","119.83424","31.71416","51.26","79","192","-75.89","11.54","56;26;147","-86.36;-87.65;-88.52","669.79","650.44","654.42","1404","1.13","26.85","243.99","4","135.37","120.47","121.49","600","10.68","21.63","246","1","19","21","",""
"642",2024/3/1 13:25:24,"309","119.83429","31.71426","50.76","79","192","-76.25","12.45","56;26;147","-85.75;-86.31;-90.88","675.43","658.45","660.53","1406","3.06","26.81","245.15","4","133.73","119.13","120.13","600","9.34","21.55","246","1","19","21","",""
"643",2024/3/1 13:25:25,"309","119.83435","31.71437","50.54","79","192","-76.6","10.53","26;56;147","-85.83;-87.10;-93.06","677.36","656.97","661.61","1404","2.14","26.93","243.73","4","132.15","118.33","119.19","600","9.18","21.46","246","1","19","21","",""
"644",2024/3/1 13:25:26,"310","119.8344","31.71447","50.64","79","192","-76.96","10.78","26;56;147","-85.78;-86.37;-92.05","678.13","652.62","655.24","1402","4.49","26.78","243","4","132.08","118.43","119.85","600","9.38","21.64","246","1","19","22","",""
"645",2024/3/1 13:25:27,"310","119.83446","31.71458","51.08","79","192","-77.53","9.96","26;56;147","-85.02;-85.38;-91.41","672.44","646.78","650.67","1404","2.63","26.43","243.5","4","132.59","118.88","119.83","600","9.88","21.75","246","1","19","22","",""
"646",2024/3/1 13:25:28,"310","119.83454","31.71468","51.51","79","192","-77.12","10","26;56;85;147","-84.33;-85.96;-88.34;-91.32","666.22","634.61","639.32","1406","5.19","24.39","243.12","4","134.14","118.84","120.29","600","11.22","22.06","246","1","19","22","",""
"647",2024/3/1 13:25:29,"311","119.83461","31.71478","51.57","79","192","-73.77","7.97","26;56;85;147","-84.63;-84.78;-87.98;-91.58","656.98","622.45","624.94","1404","7.27","23.06","241.57","4","135.03","121.2","121.45","600","8.87","22","246","1","19","19","",""
"648",2024/3/1 13:25:30,"311","119.83467","31.71488","51.54","79","192","-73.82","6.92","26;56;85;147","-83.32;-84.82;-87.41;-90.16","644.54","594.76","599.23","1404","9.01","22.89","242.14","4","135.45","120.59","121.47","600","10.38","21.91","246","1","19","19","",""
"649",2024/3/1 13:25:31,"311","119.83475","31.71498","51.24","79","192","-74.21","6.38","26;56;85;147","-82.78;-84.41;-84.72;-88.16","643.74","607.09","611.17","1402","1.28","26.39","243.94","4","134.27","120.58","121.32","600","9.51","21.59","246","1","19","20","",""
"650",2024/3/1 13:25:32,"311","119.83483","31.71507","51.14","79","192","-74.13","6.52","26;85;56;147","-83.47;-83.94;-84.56;-85.72","648.81","620.2","627.95","1402","1.99","26.39","243.86","4","133.21","118.72","120","600","9.38","21.53","246","1","19","20","",""
"651",2024/3/1 13:25:33,"310","119.83492","31.71517","51.47","79","192","-74.42","5.06","26;56;85;147","-81.13;-83.36;-83.58;-84.57","654.9","639.75","643.42","1402","2.21","26.18","242.27","4","132.32","118.6","119.59","600","9.04","21.6","246","1","19","20","",""
"652",2024/3/1 13:25:34,"311","119.83501","31.71527","52.82","79","192","-74.33","5.76","26;56;85;147","-81.53;-82.70;-83.75;-84.93","655.14","640.52","644.18","1401","0.92","26.63","243.2","4","131.56","117.98","118.52","600","10.38","21.22","246","1","19","20","",""
"653",2024/3/1 13:25:35,"310","119.83509","31.71537","52.81","79","192","-74.44","5.13","26;56;147;85","-81.39;-82.70;-84.38;-84.50","658.78","645.54","648.32","1400","1.78","26.63","244.08","4","129.28","116.3","116.69","600","9.03","20.43","246","1","19","20","",""
"654",2024/3/1 13:25:36,"310","119.83518","31.71546","52.27","79","192","-74.97","5.29","56;147;26;85","-83.34;-84.38;-86.15;-86.38","663.27","651.9","655.59","1401","0.64","26.82","243.86","4","125.85","111.59","113.36","600","9.53","19.71","246","1","19","21","",""
"655",2024/3/1 13:25:37,"309","119.83527","31.71556","52.96","79","192","-74.94","5.73","56;147;26;85;171;159","-81.47;-83.31;-83.83;-86.63;-88.41;-90.91","668.63","651.87","656.14","1401","3","26.68","244.73","4","122.29","109.01","110.24","600","10.03","19.33","246","1","21","20","",""
"656",2024/3/1 13:25:38,"308","119.83535","31.71565","52.62","79","192","-74.82","6.21","26;147;56;85;159;171","-78.75;-83.07;-83.96;-86.83;-89.77;-91.09","670.53","657.74","661.47","1402","0.57","26.95","244.06","4","120.38","105.73","107.43","600","11.55","19.3","246","1","22","21","",""
"657",2024/3/1 13:25:39,"309","119.83545","31.71574","52.74","79","192","-74.62","6.22","26;147;56;85;159;171","-77.88;-82.53;-83.55;-86.69;-91.63;-92.37","672.07","650.13","656.22","1403","3.35","26.8","243.7","4","119.61","105.34","106.36","600","10.68","19.26","246","1","22","21","",""
"658",2024/3/1 13:25:40,"310","119.83553","31.71582","52.28","79","192","-74.89","5.74","26;147;56;85;159;171","-76.20;-83.16;-83.57;-86.86;-90.71;-95.02","669.24","647.63","652.32","1403","3.42","26.64","242.55","4","119.66","105.26","106.57","600","10.05","19.36","246","1","21","21","",""
"659",2024/3/1 13:25:41,"309","119.83564","31.71591","53.48","79","192","-74.89","6.23","26;56;147;85;159","-76.83;-82.86;-83.98;-86.41;-87.62","667.8","642.08","647.81","1403","1.78","26.87","243.99","4","119.85","105.52","106.54","600","11.55","19.39","246","1","22","21","",""
"660",2024/3/1 13:25:42,"310","119.83573","31.716","53.72","79","192","-75.17","5.8","26;147;85;56;159","-75.80;-84.18;-86.09;-87.71;-88.61","669","644.43","648.02","1402","4.28","26.78","244.23","4","120.14","105.58","106.73","600","11.22","19.45","246","1","22","22","",""
"661",2024/3/1 13:25:43,"310","119.83583","31.71608","53.32","79","192","-75.66","5.15","26;147;85;159;56","-76.73;-83.70;-84.42;-87.23;-88.30","668.72","640.22","645.26","1401","3.99","26.72","242","4","120.12","106.2","106.85","600","10.05","19.3","246","1","22","21","",""
"662",2024/3/1 13:25:44,"309","119.83593","31.71617","53.22","79","192","-75.04","5.55","26;147;85;159;56","-78.06;-83.49;-83.80;-84.48;-88.28","669.99","638.59","644.43","1402","2.64","26.84","244.84","4","120.19","106","106.64","600","11.85","19.47","246","1","19","21","",""
"663",2024/3/1 13:25:45,"310","119.83604","31.71625","53.31","79","192","-74.92","4.74","26;147;85;159;56;171","-80.35;-82.62;-82.91;-83.47;-83.59;-92.91","668.66","630.21","633.29","1402","8.34","26.49","241.62","4","120.22","105.96","107.25","600","9.68","19.43","246","1","22","21","",""
"664",2024/3/1 13:25:46,"310","119.83615","31.71631","53.01","79","192","-74.32","4.83","147;85;26;159;56;171","-82.27;-82.29;-82.35;-84.54;-84.61;-90.56","672.75","631.36","633.57","1402","5.07","26.73","245.81","4","120.52","106.81","107.67","600","10.05","19.48","246","1","22","21","",""
"665",2024/3/1 13:25:47,"312","119.83625","31.71638","52.12","79","192","-74.65","4.83","147;26;85;159;56;171;70;302","-81.66;-81.70;-82.75;-84.11;-85.36;-90.31;-92.66;-93.86","673.08","618.6","621.71","1401","8.27","26.18","245.27","3.76","120.37","107.13","108.03","600","10.21","19.38","246","1","22","20","",""
"666",2024/3/1 13:25:48,"312","119.83635","31.71645","52.18","79","192","-74.7","4.07","147;26;85;56;159;171;302;70","-80.88;-82.34;-82.95;-83.43;-85.93;-89.59;-93.12;-93.91","667.54","620.67","625.48","1402","5.06","26.28","243.45","3.75","120.55","106.48","107","600","12.35","19.54","246","1","19","20","",""
"667",2024/3/1 13:25:49,"312","119.83645","31.71651","51.31","79","192","-74.59","4.24","147;56;26;85;159;171;70;302","-80.70;-82.02;-82.02;-82.82;-84.70;-88.49;-90.85;-91.45","660.77","608.79","613.7","1403","7.98","25.99","244.61","3.92","120.24","104.55","106.35","600","11.01","19.31","246","1","22","21","",""
"668",2024/3/1 13:25:50,"313","119.83656","31.71658","50.86","79","192","-74.71","3.77","26;147;85;56;159;171;302;70","-81.16;-81.21;-82.46;-82.65;-83.26;-87.21;-90.87;-91.44","651.45","603.21","608.2","1402","7.6","25.65","244.1","3.83","120.22","105.24","106.49","600","10.66","19.36","246","1","22","21","",""
"669",2024/3/1 13:25:51,"313","119.83667","31.71664","51.11","79","192","-74.8","3.17","26;147;85;56;159;171;302;70","-80.26;-80.77;-83.28;-83.88;-85.88;-86.55;-91.45;-93.04","646.24","587.9","592.22","1403","9.91","25.31","241.77","3.69","119.78","105.69","106.78","600","10.21","19.28","246","1","22","21","",""
"670",2024/3/1 13:25:52,"313","119.8368","31.71671","51.56","79","192","-75.07","4.28","26;147;85;56;159;171;302;70","-81.22;-81.96;-82.87;-85.17;-86.49;-87.00;-90.11;-96.38","636.73","582.66","583.5","1402","6.2","25.62","240.18","3.91","119.72","106.32","106.79","600","10.38","19.26","246","1","22","21","",""
"671",2024/3/1 13:25:53,"312","119.83692","31.71677","51.64","79","192","-75.42","4.01","26;147;85;171;159;302;56;70","-80.33;-82.63;-83.01;-85.59;-85.79;-90.77;-96.61;-98.02","635.22","583.58","586.26","1403","5.92","25.44","245.12","3.92","119.48","105.69","106.62","600","11.2","19.23","246","1","22","21","",""
"672",2024/3/1 13:25:54,"312","119.83707","31.71683","52.13","79","192","-76.09","3.98","26;147;85;171;159;302;70;56","-80.73;-82.70;-82.88;-85.41;-89.56;-92.02;-97.70;-97.88","635.38","582.04","586.81","1403","9.19","25.05","243.05","3.83","119.34","105.78","106.68","600","9.71","19.18","246","1","22","21","",""
"673",2024/3/1 13:25:55,"312","119.83719","31.71688","51.72","79","192","-76.62","3.82","26;85;147;56;171;159;302;70","-81.35;-82.59;-82.62;-83.76;-84.35;-87.50;-89.25;-94.62","635.46","583.43","586.99","1403","5.92","25.36","244.97","3.92","119.2","104.89","106.24","600","10.88","19.18","246","1","22","20","",""
"674",2024/3/1 13:25:56,"312","119.83732","31.71693","52.43","79","192","-77.53","2.95","26;56;147;85;171;302;159","-79.56;-81.90;-82.20;-82.57;-83.64;-87.73;-88.52","632","586.11","590.69","1402","7.27","25.2","244.68","4","119.08","105.49","106.5","600","10.35","19.15","246","1","22","20","",""
"675",2024/3/1 13:25:57,"311","119.83746","31.71697","53.13","79","192","-77.66","4.67","26;56;147;85;171;159;302","-77.70;-78.95;-82.43;-82.75;-83.68;-90.58;-98.60","632.45","592.89","596.74","1401","5","25.36","244.28","4","118.71","104.55","105.46","600","11.2","19.19","246","1","22","20","",""
"676",2024/3/1 13:25:58,"312","119.8376","31.71702","52.99","79","192","-77.27","5.72","56;26;147;85;171;159;179;302","-77.01;-77.61;-82.05;-82.81;-84.09;-91.70;-92.14;-97.73","634","601.31","603.17","1402","4.71","25.56","243.76","4","118.12","105.05","105.62","600","10.21","19.14","246","1","22","20","",""
"677",2024/3/1 13:25:59,"311","119.83775","31.71707","55.43","79","192","-76.89","6.25","26;56;147;85;171;159;179;302","-76.44;-76.55;-81.59;-81.86;-82.66;-88.18;-94.55;-120.84","630.67","589.37","592.7","1402","8.13","24.96","243.92","3.92","117.57","105.09","105.41","600","10.21","19.18","246","1","22","20","",""
"678",2024/3/1 13:26:00,"311","119.8379","31.71711","56.19","79","192","-76.89","5.04","26;56;147;85;171;159;179;302","-76.21;-76.46;-81.79;-82.40;-84.25;-87.82;-94.99;-121.13","623.56","559.31","566.25","1401","14.59","24.37","241.31","4","117.41","104.22","105.86","600","9.88","19.16","246","1","22","21","",""
"679",2024/3/1 13:26:01,"312","119.83806","31.71714","56.16","79","192","-78","1.92","26;56;147;85;171;159;302","-75.48;-76.71;-80.91;-81.27;-83.65;-87.76;-96.89","613.22","549","552.23","1402","7.5","25.03","239.38","4","117.56","105.42","106.52","600","8.52","19.04","246","1","22","21","",""
"680",2024/3/1 13:26:02,"311","119.83821","31.71719","57.2","79","192","-79.03","-1","26;56;147;85;159;171","-75.88;-77.87;-80.88;-80.95;-87.03;-90.97","613.72","539.25","548.37","1403","13.05","24.43","244.67","4","115.8","103.32","104.02","600","11.22","18.84","246","1","22","22","",""
"681",2024/3/1 13:26:03,"312","119.83836","31.71721","58.19","79","192","-79.64","-1.84","56;26;85;147;171;159","-76.86;-76.94;-80.25;-80.98;-84.05;-88.92","595.3","514.19","519.62","1394","20.22","22.36","239.85","4","114.2","100.88","100.92","600","13.73","18.88","246","1","22","22","",""
"682",2024/3/1 13:26:04,"312","119.83851","31.71723","57.67","79","192","-79.96","-1.66","56;26;85;147;302;171;159","-76.03;-79.15;-80.42;-81.04;-83.31;-85.99;-87.13","563.29","474.9","485.55","1401","12.66","21.54","241.65","4","113.36","99","99.72","600","9.66","19","246","1","22","22","",""
"683",2024/3/1 13:26:05,"312","119.83868","31.71726","59.19","79","192","-79.75","-0.02","56;85;147;26;302;171;159;61","-75.76;-80.41;-81.44;-82.17;-82.80;-82.83;-89.59;-107.06","526.18","464.07","461.44","1399","11.5","20.64","241.05","4","114.19","99.97","100.38","600","12.06","19.01","246","1","22","21","",""
"684",2024/3/1 13:26:06,"311","119.83884","31.71728","58.78","79","192","-79.79","0.3","56;85;147;26;171;302;159;61","-75.88;-80.49;-81.32;-81.38;-82.61;-83.38;-90.80;-107.06","513.82","460.01","463.9","1401","8.64","21.46","243.29","4","115.92","102.25","103.52","600","9.38","19.04","246","1","22","21","",""
"685",2024/3/1 13:26:07,"312","119.83902","31.7173","61.19","79","192","-79.14","2.23","56;85;26;171;302;159;147","-76.31;-80.38;-80.48;-83.41;-83.81;-88.92;-90.08","517.98","467.56","479.26","1401","8","21.09","244.92","4","116.81","102.88","104.51","600","9.88","19.04","246","1","22","21","",""
"686",2024/3/1 13:26:08,"312","119.83918","31.71732","61.57","79","192","-79.06","2.32","56;26;85;171;302;159;147;70","-76.70;-80.27;-80.60;-81.66;-84.69;-88.96;-90.45;-91.18","522.96","482.19","483.99","1402","7.48","21.72","242.28","4","117.98","105.07","106.34","600","10.21","19.05","246","1","22","21","",""
"687",2024/3/1 13:26:09,"312","119.83933","31.71733","60.54","79","192","-79.1","2.01","56;26;85;171;302;70;159;147","-76.61;-80.20;-81.20;-84.92;-85.52;-89.16;-91.91;-94.77","533.59","490.56","494.59","1403","8.98","22.41","242.32","3.92","117.99","105.04","106.22","600","9.68","19.04","246","1","22","21","",""
"688",2024/3/1 13:26:10,"313","119.8395","31.71731","60.9","79","192","-79.5","2.01","56;26;85;171;159;70;147","-77.48;-80.26;-80.91;-85.62;-91.13;-91.67;-101.00","543","505.34","506.61","1403","6.34","22.57","241.27","4","115.18","102.15","103.36","600","10.51","18.65","246","1","22","21","",""
"689",2024/3/1 13:26:11,"312","119.83966","31.71732","61.57","79","192","-79.85","1.98","56;26;85;171;159;70;147","-79.44;-79.45;-80.98;-85.36;-91.92;-93.31;-95.98","549.74","513.04","515.96","1404","5.92","22.75","242.6","4","110.51","97.86","99.7","600","8.51","18.24","246","1","22","21","",""
"690",2024/3/1 13:26:12,"311","119.83983","31.71732","61.92","79","192","-81.64","1.19","56;26;85;171;159;147;70","-78.65;-79.89;-80.77;-84.57;-87.96;-101.90;-106.27","551.55","514.99","518.64","1403","7.36","22.81","242.45","4","104.78","91.95","94.22","600","10.85","17.88","245.23","1","22","22","",""
"691",2024/3/1 13:26:13,"311","119.83999","31.71732","62.22","79","192","-81.35","1.61","26;56;85;171;159;147;70","-78.86;-80.99;-81.09;-84.27;-89.89;-90.11;-106.27","551","512.19","516.39","1402","8.35","22.49","241.77","4","104.32","92.4","93.97","600","10.55","19.01","243","1","23","21","",""
"692",2024/3/1 13:26:14,"311","119.84014","31.7173","61.18","79","192","-80.75","2.02","26;171;56;147;159;302;70;85","-77.00;-80.37;-83.34;-86.62;-88.25;-91.01;-91.70;-113.46","547.28","506.16","510.41","1404","7.69","22.2","243.55","4","105.8","93.36","94.8","600","9.34","19.17","243","1","23","22","",""
"693",2024/3/1 13:26:15,"310","119.84029","31.71731","61.13","79","192","-79.95","3.69","56;26;171;85;159;302;70;147","-80.00;-81.74;-85.41;-85.71;-86.52;-87.03;-92.49;-93.17","548.42","503.43","510.24","1403","7.42","22.75","241.09","4","109.74","96.69","97.56","600","12.18","20.04","243.21","1","21","20","",""
"694",2024/3/1 13:26:16,"310","119.84037","31.71729","58.38","79","192","-82.25","-1.33","159;26;70;171;56;302","-75.66;-78.16;-80.55;-81.50;-83.80;-127.26","518.06","470.96","474.23","1400","13.18","18.81","244.5","3.91","105.6","92.18","91.94","600","16.19","16.63","246","1","22","21","",""
"695",2024/3/1 13:26:17,"309","119.84041","31.71729","53.91","79","26","-76.95","4.71","171;192;159;70;302;56;219","-75.89;-83.18;-84.76;-86.23;-87.93;-98.81;-127.48","432.82","470.96","375.92","1400","17.8","10.59","238.05","4","99.1","83.96","84.67","600","16.41","20.27","242.79","1","22","25","",""
"696",2024/3/1 13:26:18,"309","119.84042","31.71729","47.26","79","26","-69.25","7.77","56;171;159;192;302;219","-76.54;-81.00;-82.77;-84.52;-95.80;-119.20","405.8","","347.67","1260","10.01","12.03","241.94","4","109.05","94.43","93.67","540","11.46","24.81","246","1","19","19","",""
"697",2024/3/1 13:26:19,"310","119.84043","31.7173","43.07","79","26","-72.64","3.99","56;171;159;192;219","-76.82;-79.54;-79.55;-83.67;-116.76","423.59","432.17","366.06","1260","9.15","15.61","243.4","4","120.34","108.01","106.2","540","9.46","23.3","246","1","19","21","",""
"698",2024/3/1 13:26:20,"311","119.84044","31.71734","37.48","79","26","-72.91","3.76","56;159;171;219","-76.79;-79.80;-80.16;-118.59","512.35","458.2","465.88","1259","8.18","21.16","241.91","4","134.46","117.52","120.2","540","9.68","23.27","246","1","19","21","",""
"699",2024/3/1 13:26:21,"312","119.84044","31.7174","34.06","79","26","-73.01","3.84","56;171;159;219;97","-76.79;-79.84;-80.73;-117.80;-127.51","554.25","523.59","523","1258","1.83","25.96","244.09","4","130.22","116.95","117.42","540","9.17","23.24","246","1","19","22","",""
"700",2024/3/1 13:26:22,"311","119.84046","31.71747","30.84","79","26","-73.35","3.3","56;171;159;219;97","-76.27;-79.07;-81.83;-119.27;-125.86","584.85","568.16","569.81","1257","0","26.91","245.77","4","130.3","116.15","117.65","540","9.21","23.22","246","1","19","22","",""
"701",2024/3/1 13:26:23,"312","119.84048","31.71756","31.43","79","26","-73.64","3.49","56;171;159;219;97","-75.98;-79.47;-84.12;-118.15;-122.91","600.3","592.79","594.94","1260","2.32","26.77","242.94","4","129.76","116.56","117.21","540","9.12","23.2","246","1","19","22","",""
"702",2024/3/1 13:26:24,"312","119.84049","31.71765","27.13","79","26","-74.07","4.08","56;171;159;219;97","-74.63;-79.47;-83.51;-116.70;-123.88","600.61","587.52","591.66","1261","2.14","26.56","242.89","3.91","130.09","115.98","117.46","540","9.12","23.22","246","1","19","23","",""
"703",2024/3/1 13:26:25,"312","119.8405","31.71777","26.79","79","26","-73.88","4.17","56;171;159;219;97","-74.71;-80.30;-82.18;-117.51;-123.88","601.04","588.04","590.18","1260","0.96","26.88","245.43","4","129.74","116.41","116.85","540","9.55","23.24","246","1","19","22","",""
"704",2024/3/1 13:26:26,"312","119.84053","31.71789","29.1","79","26","-73.7","4.35","56;171;159;192;219;97","-75.67;-77.33;-79.28;-80.89;-122.20;-126.06","599.96","585.33","590.39","1259","1.77","26.81","242.43","4","131.16","116.03","118.74","540","8.47","23.85","246","1","19","22","",""
"705",2024/3/1 13:26:27,"313","119.84054","31.71801","32.94","79","26","-71.46","3.96","56;171;159;192;219;97","-75.09;-75.72;-77.73;-81.63;-120.35;-126.61","600.27","590.61","595.12","1258","0.87","26.91","244.06","4","137.34","122.6","123.51","540","10.88","25.91","246","1","19","17","",""
"706",2024/3/1 13:26:28,"313","119.84056","31.71814","34.9","79","26","-71.27","4.23","56;171;159;192;147;219;97","-76.74;-77.52;-77.66;-83.59;-91.84;-117.33;-155.98","599.58","584.76","589.62","1258","2.22","26.81","243.84","4","144","126.29","127.68","540","13.53","25.95","246","1","18","16","",""
"707",2024/3/1 13:26:29,"313","119.84058","31.71827","43.65","79","26","-71.64","3.21","56;171;159;192;70;147;219","-74.77;-76.02;-78.18;-82.86;-96.48;-106.27;-118.38","602.59","592.66","596.26","1260","0.79","26.89","244.16","4","148.37","128.06","129.11","540","13.88","25.6","246","1","19","17","",""
"708",2024/3/1 13:26:30,"314","119.8406","31.71841","44.94","79","26","-71.93","3.33","56;171;159;192;70;219","-75.17;-76.66;-78.84;-82.04;-95.19;-115.91","604.17","585.47","590.35","1260","3.33","26.7","244.74","4","148.61","126.34","127.76","540","14.07","25.89","246","1","19","17","",""
"709",2024/3/1 13:26:31,"314","119.84063","31.71855","49.02","79","26","-72.25","2.83","56;171;159;192;70;219","-74.59;-76.72;-79.04;-82.02;-100.45;-116.20","601.26","585.05","589.43","1260","1.44","26.84","242.93","4","147.6","127.66","127.86","540","11.65","25.72","246","1","19","17","",""
"710",2024/3/1 13:26:32,"314","119.84065","31.71869","54.84","79","26","-72.27","2.67","56;171;159;192;70;219","-74.02;-76.77;-79.68;-86.36;-94.68;-118.94","600.85","582.38","587.25","1259","1.58","26.66","244.08","4","148.83","129.53","131.32","540","9.17","25.97","245.75","1","19","17","",""
"711",2024/3/1 13:26:33,"315","119.84068","31.71882","56.67","79","26","-72.25","2.43","56;171;159;147;192;70;219","-73.54;-75.73;-81.12;-83.15;-84.88;-101.09;-120.22","597.96","587.77","589.02","1259","1.28","26.94","243.93","4","149.26","131.67","132.83","540","12.17","26.02","246","1","18","16","",""
"712",2024/3/1 13:26:34,"316","119.8407","31.71896","56.65","79","26","-72.24","2.55","56;171;159;147;192;70;219","-73.35;-75.91;-82.60;-83.45;-84.14;-95.90;-118.70","601.54","583.93","590.3","1259","3.34","26.74","244.05","4","149.95","134.04","135.95","540","6.55","26","246","1","18","16","",""
"713",2024/3/1 13:26:35,"316","119.84072","31.7191","59.84","79","26","-72.09","2.1","56;171;159;147;192;70;219","-73.59;-75.98;-82.07;-83.02;-84.91;-90.80;-121.78","601.34","580.29","585.06","1258","2.57","26.64","243.23","4","149.82","139.26","140.04","540","1.12","26","246","1","18","16","",""
"714",2024/3/1 13:26:36,"316","119.84075","31.71924","60.71","79","26","-72.09","2.15","56;171;147;192;159;219;70","-73.14;-76.05;-82.01;-84.98;-87.68;-121.17;-124.45","598.94","567.66","571.96","1261","6.74","26.38","243.8","4","150.08","143.03","145.34","540","1.86","26","245.97","1","18","16","",""
"715",2024/3/1 13:26:37,"317","119.84077","31.71937","61.2","79","26","-72.38","2.25","56;171;147;192;70;159;219","-73.37;-76.69;-81.70;-86.94;-96.33;-98.88;-116.69","596.91","562.86","566.6","1262","4.33","26.52","243.49","4","149.62","145.68","146.83","540","2.63","26","245.4","1","18","16","",""
"716",2024/3/1 13:26:38,"316","119.84079","31.7195","61.2","79","26","-72.82","2.19","56;171;147;192;70;159;219","-73.52;-77.46;-81.13;-84.85;-94.44;-97.41;-117.42","599.78","575.5","579.8","1259","0.47","26.96","244.83","4","149.58","141.28","141.47","540","11.5","26","246","1","17","15","",""
"717",2024/3/1 13:26:39,"316","119.84081","31.71963","60.34","79","26","-77.39","-3.65","70;159;56;171;147;192;180;219","-75.95;-77.09;-83.59;-86.28;-86.57;-89.04;-93.20;-117.66","598.18","572.86","580.19","1262","3.98","26.43","241.18","4","142.27","130.21","130.54","540","11.4","22.62","246","1","19","18","",""
"718",2024/3/1 13:26:40,"316","119.84081","31.71968","57.13","79","70","-73.58","0.9","56;159;26;171;192","-75.96;-77.66;-81.86;-83.27;-90.20","546.07","567.77","507.91","1267","18.1","17.24","240.3","4","136.91","118.61","123.44","540","8","24.17","245.08","1","19","19","",""
"719",2024/3/1 13:26:41,"316","119.8408","31.71973","53.07","79","70","-74.55","1.09","26;159;56;171;192;180","-77.84;-79.05;-81.55;-85.13;-87.00;-91.78","538.46","463.82","485.96","1402","8.07","17.34","242.1","4","133.13","118.79","121.35","552","8.93","25.76","236.98","1","18","17","",""
"720",2024/3/1 13:26:42,"315","119.8408","31.71973","47.76","79","159","-77.96","-2.34","26;171;56;192;147;70;180;219","-75.02;-75.86;-77.36;-81.06;-82.84;-84.05;-86.75;-113.50","501.04","467.75","441.45","1400","12.48","14.38","239.66","4","133.97","124.74","121.96","598","13.56","23.88","244.57","1","19","25","",""
"721",2024/3/1 13:26:43,"315","119.84081","31.71977","42.7","79","26","-74.8","4.1","56;171;159;147;192;70;180;219","-76.18;-76.93;-79.27;-81.61;-83.24;-84.86;-85.77;-114.66","503.19","467.75","436.25","1210","14.99","13.31","241.48","4","130.54","117.85","117.88","517","9.92","23.75","245.02","1","19","24","",""
"722",2024/3/1 13:26:44,"315","119.84082","31.71981","38.23","79","26","-74.95","1.64","159;56;171;70;147;192;180;219","-76.27;-77.04;-79.41;-81.65;-82.23;-82.28;-87.35;-113.70","443.99","373.04","380.74","1258","10.11","13.71","240.26","4","133.43","117.41","120.6","540","9.02","25.69","243.63","1","19","18","",""
"723",2024/3/1 13:26:45,"315","119.84082","31.71987","34.64","79","70","-79.03","-5.75","159;26;56;171;192;147;180;165","-78.14;-81.77;-82.20;-89.31;-90.48;-92.56;-93.45;-95.80","408.36","375.34","331.24","1258","20.38","13.18","236.91","4","127.79","117.09","117.18","540","8.91","21.66","244.54","1","22","24","",""
"724",2024/3/1 13:26:46,"315","119.84081","31.71987","28.68","79","70","-80.21","7.36","26;159;56;171;192;147;165","-80.77;-81.64;-83.40;-83.52;-85.72;-91.82;-103.23","459.99","440.12","395.77","1406","9.6","17.29","240.41","4","141.33","129.67","128.99","598","8.54","25.96","245.28","1","19","22","",""
"725",2024/3/1 13:26:47,"315","119.84082","31.71988","23.43","79","70","-82.53","6.89","26;171;159;56;192;147;180","-78.95;-80.52;-80.68;-83.09;-86.09;-86.46;-88.48","546.89","512.68","476.42","1404","8.96","19.66","240.69","4","146.68","132.76","134.24","600","8","25.55","246","1","19","18","",""
"726",2024/3/1 13:26:48,"315","119.84083","31.71988","17.97","79","159","-88.59","-1.26","56;70;192;171;147;26","-76.83;-80.24;-83.68;-85.63;-88.00;-91.31","568.33","512.68","473.39","1400","20.71","13.94","234.39","4","146.6","136.75","133.33","600","14.25","21.64","243.06","1","19","25","",""
"727",2024/3/1 13:26:49,"313","119.84084","31.71988","12.52","79","159","-81.75","2.61","56;26;192;147;171;70;179;180","-77.13;-80.29;-81.73;-82.45;-82.62;-83.42;-90.85;-92.29","563.27","479.5","445.73","1383","19.09","17.5","239.46","4","133.22","115.76","118.83","597","14.09","20.33","246","1","19","25","",""
"728",2024/3/1 13:26:50,"313","119.84084","31.71987","11.66","79","56","-78.72","4.96","192;147;70;26;171;159;179","-81.81;-81.95;-84.06;-84.26;-85.22;-87.59;-89.57","525.85","493.7","386.01","1388","18.41","19.39","240","4","113.8","96.25","99.65","597","13.51","19.23","245.08","1","22","25","",""
"729",2024/3/1 13:26:51,"313","119.84084","31.71987","9.66","79","56","-78.78","2.85","147;192;70;171;85;159;26;179","-82.38;-82.59;-83.45;-84.92;-85.10;-85.27;-86.63;-89.44","600.59","598.47","533.26","1404","2.21","26.96","242.8","4","116.12","99.34","101.75","600","10.55","19.29","246","1","22","25","",""
"730",2024/3/1 13:26:52,"312","119.84084","31.71987","7.63","79","56","-82.74","0.84","147;70;171;159;192;26;179","-80.92;-82.91;-84.01;-84.19;-84.30;-87.28;-89.70","632.2","614.64","573.78","1402","5.28","26.59","245.15","4","114.03","100.49","101.09","600","10.68","19.22","245.94","1","22","25","",""
"731",2024/3/1 13:26:53,"313","119.84084","31.71987","7.63","79","56","-82.98","0.27","147;70;192;171;159;179;26","-80.92;-82.23;-83.75;-83.92;-84.63;-89.05;-90.06","672.65","645.14","649.65","1402","4.63","26.54","243.76","4","119.15","104.57","105.42","600","11.22","19.29","245.99","1","21","25","",""
"732",2024/3/1 13:26:54,"313","119.84084","31.71987","5.99","79","56","-81.76","0.33","147;70;192;171;159;179;26","-81.40;-81.65;-83.33;-84.45;-86.12;-89.01;-89.45","671.03","637.33","642.63","1404","3.35","26.81","243.34","4","119.04","103.05","104.5","600","12.22","19.4","246","1","21","25","",""
"733",2024/3/1 13:26:55,"312","119.84084","31.71987","4.35","79","56","-81.64","0.37","70;147;159;171;192;26;179","-81.27;-81.70;-84.29;-84.37;-84.68;-86.24;-88.47","669.63","640.89","643.91","1404","4.34","26.39","244.32","4","119.05","102.64","103.96","600","12.56","19.35","246","1","21","25","",""
"734",2024/3/1 13:26:56,"312","119.84084","31.71986","2.35","79","56","-82.32","0.41","147;70;192;171;159;179;26","-81.22;-81.78;-83.96;-84.29;-85.35;-88.77;-117.59","667.57","640.85","645.72","1404","3.06","26.89","241.01","4","118.92","102.62","103.53","600","12.22","19.36","246","1","19","25","",""
"735",2024/3/1 13:26:57,"312","119.84084","31.71986","1.64","79","56","-82.21","0.58","147;70;85;171;192;159;26;179","-80.69;-82.91;-84.22;-84.31;-84.44;-84.57;-87.45;-89.42","667.9","638.94","644.21","1406","4.27","26.59","243.39","4","118.96","102.51","103.97","600","11.39","19.32","246","1","21","25","",""
"736",2024/3/1 13:26:58,"312","119.84084","31.71986","1.48","79","56","-82.17","0.48","147;85;70;171;192;159;26;179","-80.98;-83.09;-83.18;-84.06;-84.99;-85.44;-88.55;-89.12","666.58","642.43","646.83","1404","3.07","26.39","244.16","4","118.61","104.04","104.29","600","10.88","19.32","245.99","1","22","25","",""
"737",2024/3/1 13:26:59,"312","119.84084","31.71987","1.54","79","56","-82.1","-0.06","70;147;192;159;85;171;26;179","-81.55;-81.57;-83.15;-84.07;-84.56;-84.99;-87.76;-89.55","669.73","647.96","651.3","1400","1.5","26.97","245.41","4","118.69","103.26","104.39","600","12.73","19.4","246","1","19","25","",""
"738",2024/3/1 13:27:00,"312","119.84084","31.71987","1.2","79","56","-82.24","0.05","147;70;159;192;85;171;26;179","-81.30;-81.50;-83.13;-83.22;-84.66;-85.23;-86.84;-89.05","671.37","652.97","657.41","1400","2.64","26.9","243.25","4","118.82","104.1","104.5","600","9.88","19.26","246","1","21","25","",""
"739",2024/3/1 13:27:01,"312","119.84084","31.71987","0.89","79","56","-82.05","0.56","147;70;159;192;85;171;26;179","-80.70;-82.28;-83.20;-84.08;-84.35;-84.66;-86.84;-89.70","669.05","649.4","652.94","1402","3.99","26.49","242.91","4","119.1","103.27","103.65","600","13.56","19.43","246","1","21","25","",""
"740",2024/3/1 13:27:02,"312","119.84084","31.71987","0.89","79","56","-82.42","0.82","147;70;171;159;192;85;26;179","-81.25;-82.62;-83.63;-83.66;-83.91;-84.13;-90.04;-90.55","664.56","632.98","637.59","1406","5.97","26.63","240.49","4","119.07","102.67","103.89","600","12.73","19.37","246","1","21","25","",""
"741",2024/3/1 13:27:03,"312","119.84084","31.71987","0.8","79","56","-82.67","0.19","147;70;85;192;171;159;26;179","-81.23;-82.09;-83.43;-83.60;-83.68;-84.53;-87.33;-89.92","659.65","625.77","626.61","1404","6.05","26.11","241.79","4","119.22","102.08","103.14","600","12.68","19.3","245.99","1","22","25","",""
"742",2024/3/1 13:27:04,"312","119.84084","31.71987","0.8","79","56","-82.47","0.24","70;147;159;85;171;192;26;179","-81.58;-82.29;-82.69;-84.14;-84.20;-84.32;-85.87;-90.41","664.71","629.63","633.03","1406","3.84","26.79","243.84","4","118.93","104.31","104.64","600","9.68","19.31","246","1","21","25","",""
"743",2024/3/1 13:27:05,"312","119.84084","31.71987","0.89","79","56","-82.57","0.8","70;147;192;159;171;85;26;179","-81.31;-81.66;-83.77;-83.85;-84.10;-84.89;-86.63;-89.72","666.42","635.43","640.66","1404","3.14","26.71","244.02","4","119.03","104.56","105.01","600","11.85","19.32","246","1","22","25","",""
"744",2024/3/1 13:27:06,"312","119.84084","31.71987","0.44","79","56","-82.44","0.98","147;70;192;159;171;85;26;179","-81.20;-81.73;-84.41;-84.41;-84.73;-84.92;-85.94;-89.84","669.32","646.03","649.51","1402","3.2","26.67","244.53","4","118.67","102.91","104.22","600","13.06","19.49","246","1","20","25","",""
"745",2024/3/1 13:27:07,"312","119.84084","31.71987","0.4","79","56","-76.74","6.75","159;70;171;147;192;179;26","-77.77;-78.70;-78.84;-89.53;-94.45;-111.66;-134.69","672.08","639.3","644.79","1397","5.94","26.6","242.56","4","133.49","117.01","116.4","597","12.79","25.84","246","1","17","25","",""
"746",2024/3/1 13:27:08,"311","119.84086","31.71986","1.19","79","56","-75.77","7.55","159;171;70;192","-77.50;-78.26;-78.69;-93.24","667.74","629.35","633.42","1402","6.63","26.44","241.09","4","149.62","127.39","131.03","600","10.72","25.94","246","1","17","25","",""
"747",2024/3/1 13:27:09,"309","119.84092","31.71985","3.19","79","56","-76.1","7.05","171;70;159;192;26","-77.17;-77.47;-77.75;-94.26;-105.32","667.77","629.38","630.19","1406","4.2","26.69","243.65","3.83","166.27","146.18","149.98","600","6.19","25.99","246","1","18","25","",""
"748",2024/3/1 13:27:10,"309","119.84101","31.71984","6.63","79","56","-77.46","7.36","70;159;171;192;26","-76.88;-77.83;-77.88;-92.51;-97.88","663.74","627.26","634.11","1406","3.99","26.15","242.83","4","165.73","147.17","149.35","600","12.68","25.52","246","1","19","25","",""
"749",2024/3/1 13:27:11,"309","119.84113","31.71981","10.23","79","56","-79.41","8.03","70;171;159;192;26","-76.69;-78.11;-79.20;-93.36;-97.15","666.92","637.14","642.86","1408","3.05","26.52","243.07","4","165.24","147.22","149.98","600","9.38","25.81","246","1","19","25","",""
"750",2024/3/1 13:27:12,"308","119.84127","31.71979","16.74","79","56","-77.19","7.95","70;171;192;26;159;85;180","-76.91;-81.90;-82.59;-83.32;-84.37;-86.05;-94.14","663.51","637.12","642.76","1406","1.21","26.52","243.33","4","152.77","134.34","134.64","600","13.78","21.32","246","1","17","25","",""
"751",2024/3/1 13:27:13,"307","119.84142","31.71977","22.49","79","56","-78.52","8.19","70;171;192;85;159;26;180;147","-76.39;-81.41;-82.87;-85.27;-85.82;-86.41;-92.68;-98.38","665.08","640.34","643.69","1408","3.48","26.69","242.61","3.66","140.73","120.82","125.01","600","10.03","20.48","246","1","19","25","",""
"752",2024/3/1 13:27:14,"306","119.84157","31.71973","28.45","79","70","-76.5","5.68","56;171;192;26;85;180;147","-80.13;-81.52;-82.61;-85.36;-85.81;-92.35;-155.67","597.82","639.4","564.71","1408","10.1","18.1","239.38","3.69","116.16","101.54","101.31","600","15.01","17.11","244.2","1","22","25","",""
"753",2024/3/1 13:27:15,"306","119.84172","31.7197","30.86","79","70","-73.25","6.54","171;56;85;26;159;192;180","-81.23;-83.79;-86.75;-88.70;-89.23;-92.30;-96.32","528.59","391.72","482.8","1389","11.81","13.63","240.89","4","122.04","105.72","108.38","597","10.26","24.22","246","1","19","25","",""
"754",2024/3/1 13:27:16,"306","119.84188","31.71965","36.67","79","70","-72.48","9.81","56;171;159;85;192;180;26","-79.36;-81.86;-87.28;-87.56;-91.84;-96.40;-109.06","482.36","430.38","430.88","1402","7.92","16.1","241.65","3","132.27","116.49","117.62","600","10.01","25.18","246","1","19","25","",""
"755",2024/3/1 13:27:17,"306","119.84204","31.71961","47.05","79","70","-72.01","12.47","56;171;159;26;192","-77.75;-83.78;-88.77;-89.30;-92.41","547.88","517.31","519.29","1402","2.35","25.24","244.21","4","155.8","141.1","139.09","600","10.55","25.21","246","1","19","25","",""
"756",2024/3/1 13:27:18,"306","119.8422","31.71957","52.5","79","70","-71.87","14.46","56;171;159;26;192;180","-78.20;-82.72;-92.53;-93.57;-93.63;-97.30","606.72","580.25","583.36","1403","3.85","26.12","244.25","3.07","159.61","141.02","142.42","600","10.38","25.2","246","1","19","25","",""
"757",2024/3/1 13:27:19,"306","119.84236","31.71951","53.21","79","70","-72.1","14.85","56;171;26;192;159;180;61","-81.42;-82.60;-89.44;-93.26;-94.41;-96.79;-116.73","645.26","613.21","617.22","1406","7.46","25.51","241.27","3","159.58","141.13","142.68","600","9.5","25.17","246","1","19","25","",""
"758",2024/3/1 13:27:20,"307","119.84252","31.71946","59.82","79","70","-72.37","12.83","56;171;26;192;159;180;61","-81.46;-85.13;-91.63;-93.06;-94.19;-94.84;-96.90","657.3","628.2","634.3","1405","0.92","26.82","243.81","3","159.49","141.58","143.06","600","9.54","25.18","246","1","19","25","",""
"759",2024/3/1 13:27:21,"306","119.84268","31.71941","61.54","79","70","-72.53","11.27","56;171;192;26;180;159","-80.54;-83.98;-89.22;-91.67;-92.47;-96.87","667.23","639.41","653.82","1404","2.06","26.77","244.68","3","159.46","141.74","143.04","600","10.38","25.21","246","1","19","25","",""
"760",2024/3/1 13:27:22,"307","119.84284","31.71935","61.35","79","70","-72.64","11.12","56;171;26;159;180;192","-82.63;-83.55;-87.86;-91.23;-93.64;-94.95","672.84","655.21","659.34","1404","1.92","26.67","244.41","3.53","159.62","140.52","142.52","600","10.72","25.21","246","1","19","25","",""
"761",2024/3/1 13:27:23,"308","119.843","31.71929","62.47","79","70","-73.04","12.53","56;171;26;192;159","-81.87;-83.46;-85.32;-93.16;-94.94","673.15","650.04","653.37","1404","3.56","26.81","243.9","3.08","159.74","140.9","141.98","600","10.85","25.21","246","1","19","25","",""
"762",2024/3/1 13:27:24,"307","119.84316","31.71922","63.42","79","70","-73.7","11.67","56;171;26;192;180;159","-79.30;-83.13;-84.25;-92.54;-92.79;-93.13","671.4","651.31","656.22","1408","1.13","26.83","243.84","3.07","159.72","141.23","142.41","600","10.05","25.19","246","1","19","25","",""
"763",2024/3/1 13:27:25,"307","119.84332","31.71917","65.12","79","70","-74.31","10.45","56;171;26;159;180;192","-80.48;-82.23;-83.17;-88.28;-90.72;-91.03","672.56","654.58","659.82","1406","1.49","26.81","244.35","3.91","159.5","141.18","142.29","600","10.72","25.15","246","1","19","25","",""
"764",2024/3/1 13:27:26,"307","119.84348","31.7191","65.5","79","70","-75","9.97","26;171;56;192;159;180;61","-81.95;-82.58;-83.34;-86.13;-87.76;-89.79;-91.21","672.04","655.53","660.55","1404","2.28","26.68","243.24","3.92","158.15","139.74","141.53","600","10.35","24.51","246","1","19","25","",""
"765",2024/3/1 13:27:27,"308","119.84363","31.71904","64.6","79","70","-75.43","10.09","26;171;192;56;159;61;180","-82.60;-82.93;-85.24;-85.71;-88.01;-88.33;-101.80","673.77","648.9","653.77","1406","4.75","26.8","242.37","4","156.1","138.63","139.79","600","10","24.15","246","1","19","25","",""
"766",2024/3/1 13:27:28,"309","119.84379","31.71898","65.75","79","70","-75.89","9.39","26;171;192;56;61;159","-82.65;-83.00;-84.03;-85.30;-87.39;-90.03","671.48","636.17","640.74","1404","4.78","26.68","242.88","3.92","153.46","136.43","137.33","600","10.72","23.88","246","1","19","25","",""
"767",2024/3/1 13:27:29,"307","119.84395","31.7189","65.51","79","70","-76.21","9.07","192;171;26;56;61;159","-82.56;-83.22;-83.67;-85.84;-87.13;-89.04","668.34","631.63","636.83","1404","4.34","26.4","242.36","3.41","152.6","135.92","137.01","600","9.19","24.06","246","1","19","25","",""
"768",2024/3/1 13:27:30,"307","119.8441","31.71883","65.38","79","70","-76.6","9.43","171;26;56;192;61;159","-84.63;-84.63;-85.63;-87.31;-89.66;-90.34","667.26","642.15","646.99","1406","0.92","26.85","243.55","3.23","152.79","136.18","137.77","600","9.21","24.29","246","1","19","25","",""
"769",2024/3/1 13:27:31,"307","119.84424","31.71874","66.37","79","70","-77.42","8.98","192;171;61;56;26;159","-82.95;-84.63;-87.62;-88.37;-89.20;-90.84","669.65","653.43","656.5","1404","0.99","26.79","244.74","3","153.38","137.11","138.53","600","10.16","24.17","246","1","19","25","",""
"770",2024/3/1 13:27:32,"307","119.84439","31.71865","66.71","79","70","-78.53","8.32","192;61;56;26;159","-85.29;-86.87;-87.79;-88.74;-91.43","672.17","659.65","663.96","1406","0.99","26.78","243.53","3.76","153.28","137.49","137.82","600","9.88","23.97","246","1","19","25","",""
"771",2024/3/1 13:27:33,"307","119.84453","31.71856","66.73","79","70","-79.81","7.18","180;192;26;61;56;159","-82.25;-84.94;-85.09;-87.09;-88.76;-91.74","674.32","661.97","667","1406","0.42","26.98","245.82","3.83","150.97","134.7","135.56","600","9.88","23.45","246","1","19","25","",""
"772",2024/3/1 13:27:34,"307","119.84466","31.71845","66.87","79","70","-80.92","4.92","180;26;61;56;192;159","-80.90;-86.39;-87.09;-87.82;-88.71;-90.38","673.84","660.98","666.04","1402","1.85","26.77","243.73","3.61","148.39","132.74","133.58","600","9.38","23.22","246","1","19","25","",""
"773",2024/3/1 13:27:35,"307","119.84479","31.71836","66.75","79","70","-81.96","3.57","180;26;61;56;159;192","-81.77;-83.66;-85.95;-87.68;-89.88;-97.20","677.36","656.97","660.39","1404","4.19","26.83","245.03","3.33","145.65","129.63","131.04","600","10.21","23.17","246","1","19","25","",""
"774",2024/3/1 13:27:36,"308","119.84492","31.71826","66.58","79","70","-77.24","6.13","180;26;61;56;55;159;192","-82.76;-84.76;-87.07;-87.90;-90.52;-92.43;-92.97","675.8","637.76","642.93","1404","7.13","26.6","243.8","3","144.34","128.22","129","600","11.2","23.01","246","1","19","25","",""
"775",2024/3/1 13:27:37,"308","119.84506","31.71816","67.24","79","70","-76.68","6.05","180;26;61;56;55;159;171;192","-81.28;-85.24;-87.16;-87.70;-87.74;-89.41;-93.04;-93.94","670.01","622.52","627.72","1402","6.99","26.29","244.27","3","143.77","127","128.3","600","10.18","23.04","246","1","19","25","",""
"776",2024/3/1 13:27:38,"308","119.84519","31.71806","66.49","79","70","-77","4.1","26;180;159;55;171;61","-78.84;-79.17;-88.01;-89.04;-91.48;-96.52","657.2","606.27","609.39","1403","9.93","25.83","243","3","142.37","125.48","126.6","600","11.16","22.6","246","1","19","25","",""
"777",2024/3/1 13:27:39,"308","119.84532","31.71795","67.15","79","70","-77.16","5.2","26;180;55;159;61;171","-77.61;-80.77;-84.60;-89.51;-90.45;-93.26","648.39","595.84","599.39","1402","9.64","25.77","243.32","3.08","140.68","124.13","125.49","600","10.2","22.44","246","1","19","25","",""
"778",2024/3/1 13:27:40,"308","119.84544","31.71784","67.37","79","70","-77.95","5.89","26;171;180;159;55;56;61","-74.25;-85.91;-88.16;-88.43;-88.98;-92.64;-118.29","637.48","577.01","577.46","1402","11.98","25.25","240.94","3.76","138.18","122.8","123.37","600","10.05","22.02","246","1","19","25","",""
"779",2024/3/1 13:27:41,"308","119.84556","31.71772","66.94","79","70","-78.6","7.7","26;56;171;180;159","-75.36;-84.90;-85.16;-86.33;-89.08","620.57","560.5","564.76","1402","9.13","24.13","243.06","4","136.38","120.08","122.05","600","10.51","21.72","246","1","19","25","",""
"780",2024/3/1 13:27:42,"308","119.84568","31.71761","67.46","79","70","-75.96","5.43","26;180;171;85;159;55;56","-79.16;-80.40;-81.05;-87.28;-87.58;-88.17;-94.80","597.94","530.47","535.91","1401","12.63","23.26","241.77","4","129.71","114.92","115.37","600","11.72","19.45","246","1","19","25","",""
"781",2024/3/1 13:27:43,"309","119.8458","31.71749","67.03","79","70","-75.88","3.31","26;171;180;85;55;61;159","-78.83;-80.11;-84.13;-87.80;-88.90;-89.34;-89.80","580.92","519.61","526","1403","8.98","23.27","243.43","4","124.37","108.91","110.09","600","11.68","19.3","246","1","21","25","",""
"782",2024/3/1 13:27:44,"309","119.84591","31.71737","67.15","79","70","-76.28","2.17","171;26;55;61;56;180;159","-79.60;-79.90;-88.90;-88.92;-92.69;-99.43;-111.57","562.59","506.88","517.62","1403","8.35","22.29","241.96","4","119.29","104.63","104.97","600","11.72","19.27","246","1","20","25","",""
"783",2024/3/1 13:27:45,"309","119.84602","31.71725","67","79","70","-76.38","4.3","26;171;73;180;85;61;147;55;56;159","-76.77;-80.30;-84.10;-84.26;-87.77;-88.38;-89.36;-90.63;-133.64;-148.80","544.05","500.95","504.97","1402","7.66","22.01","241.18","4","119.14","103.68","104.98","600","11.5","19.36","246","1","21","25","",""
"784",2024/3/1 13:27:46,"309","119.84613","31.71712","67.7","79","70","-76.96","3.5","26;171;73;85;61;147;180;55","-73.54;-78.67;-82.16;-87.91;-88.27;-89.33;-91.84;-155.84","539.58","502.13","505.76","1403","6.84","22.97","242.03","4","118.54","103.39","104.43","600","11.72","19.41","246","1","19","25","",""
"785",2024/3/1 13:27:47,"308","119.84623","31.717","67.62","79","70","-76.5","2.26","26;171;73;61;180;85;147","-78.19;-79.11;-86.09;-87.08;-87.68;-89.64;-89.80","546.12","510.54","514.41","1403","8.05","22.69","244.35","4","117.64","102.96","104.11","600","11.55","19.52","246","1","21","25","",""
"786",2024/3/1 13:27:48,"308","119.84634","31.71688","67.49","79","70","-76.07","2.41","171;26;73;180;61;85;147","-80.02;-81.05;-86.09;-86.71;-88.77;-88.83;-90.38","549.86","510.04","514.12","1402","8.5","22.42","242.42","4","117.92","102.12","104.03","600","12.18","19.3","246","1","21","25","",""
"787",2024/3/1 13:27:49,"307","119.84644","31.71675","67.74","79","70","-76.56","0.02","26;171;73;180;61;85;147","-79.28;-79.73;-82.34;-84.74;-87.77;-87.79;-95.55","542.97","501.52","505.73","1404","8.55","22.31","242.05","4","117.59","102.83","103.73","600","11.89","19.4","246","1","20","25","",""
"788",2024/3/1 13:27:50,"307","119.84654","31.71662","68.56","79","70","-76.6","5.69","171;26;73;180;147","-81.90;-85.64;-86.78;-88.95;-134.37","546.12","497.99","501.77","1404","8.99","22.3","244.84","4","118.27","103.51","103.34","600","12.87","19.41","246","1","20","25","",""
"789",2024/3/1 13:27:51,"307","119.84663","31.71649","67.75","79","70","-75.92","4.78","171;26;61;73;180;147","-81.21;-83.28;-87.80;-88.18;-88.95;-144.02","549.95","491.35","495.39","1400","12.28","22.38","241.93","4","118.32","103.15","103.01","600","13.4","19.3","246","1","19","25","",""
"790",2024/3/1 13:27:52,"305","119.84672","31.71635","67.82","79","70","-75.86","5.99","171;73;55;26;61;180;147","-79.84;-84.92;-85.59;-86.88;-87.23;-87.37;-144.02","557.61","502.15","506.07","1403","5.06","22.97","242.82","4","118.85","102.23","103.22","600","12.02","19.4","245.94","1","20","25","",""
"791",2024/3/1 13:27:53,"306","119.8468","31.71622","67.69","79","70","-76.32","6.05","171;55;85;73;26;180","-78.18;-85.00;-86.18;-86.51;-87.11;-89.96","557.92","513.27","523.49","1403","5.34","22.95","243.05","3.91","119.15","102.14","104.12","600","11.05","19.27","245.9","1","20","25","",""
"792",2024/3/1 13:27:54,"306","119.84687","31.71609","67.11","79","70","-76.69","6.05","171;61;55;180;85;147;26;73","-77.66;-84.30;-84.90;-85.81;-86.95;-87.69;-90.34;-94.09","561.91","536.47","539.91","1402","3.78","23.18","244.93","4","119.2","102.6","103.94","600","13.06","19.29","245.86","1","20","25","",""
"793",2024/3/1 13:27:55,"305","119.84695","31.71595","67.94","79","70","-76.78","6.79","171;55;85;61;147;180;26;73;56","-77.33;-83.95;-86.35;-87.04;-88.00;-88.32;-88.81;-90.94;-91.99","567.1","544.03","548.04","1402","4.49","23.23","244.38","3.91","119.59","102.69","104.06","600","13.52","19.3","246","1","20","25","",""
"794",2024/3/1 13:27:56,"305","119.84703","31.71581","67.39","79","70","-76.88","6.34","171;55;61;26;85;147;180;56;73","-77.72;-84.05;-86.20;-86.78;-86.88;-88.78;-91.48;-93.32;-96.55","573.71","545.23","548.98","1403","6.99","23.4","242.48","4","119.63","104.34","104.52","600","10.72","19.29","246","1","21","25","",""
"795",2024/3/1 13:27:57,"305","119.8471","31.71568","66.7","79","70","-77.15","4.37","171;26;55;61;85;147;56;180;73","-77.29;-83.13;-83.30;-84.24;-89.03;-90.20;-91.90;-91.98;-93.28","566.98","532.39","535.69","1401","7.85","22.61","242.33","4","119.67","104.23","105.18","600","10.55","19.32","246","1","21","25","",""
"796",2024/3/1 13:27:58,"305","119.84717","31.71553","67.97","79","70","-77","5.13","171;26;61;55;180;73;85;147;56","-77.06;-83.77;-84.66;-85.38;-86.86;-88.78;-89.91;-91.48;-93.33","557.15","519.58","524.37","1403","5.55","22.51","242.74","3.92","119.77","104.4","105.82","600","12.02","19.39","246","1","20","25","",""
"797",2024/3/1 13:27:59,"305","119.84724","31.71539","67.83","79","70","-76.89","6.46","171;73;61;55;85;180;26;192;147","-76.08;-82.02;-83.45;-85.38;-89.01;-90.41;-90.70;-95.05;-98.55","550.27","513.86","518","1404","7.7","22.72","243.03","3.83","119.83","104.33","105.6","600","11.72","19.34","246","1","21","25","",""
"798",2024/3/1 13:28:00,"306","119.84729","31.71525","66.91","79","70","-76.89","5.75","73;171;61;147;85;192;26","-76.49;-76.62;-80.53;-91.02;-91.48;-92.43;-139.62","550.38","513.33","517.06","1402","8.74","22.37","242.23","3.61","119.85","104.12","105","600","12","19.26","246","1","22","25","",""
"799",2024/3/1 13:28:01,"305","119.84735","31.71511","66.65","79","70","-77.19","3.77","171;61;73;147;85;192","-78.15;-80.81;-81.66;-90.70;-91.93;-92.43","546.26","505.65","505.97","1403","7.91","22","243.17","3.25","119.58","104.47","105.18","600","11.01","19.21","246","1","21","25","",""
"800",2024/3/1 13:28:02,"304","119.8474","31.71497","66.47","79","70","-77.32","5.9","61;171;73","-79.17;-81.33;-84.55","539.56","502.14","504.2","1402","5.92","22.05","243.26","3","118.96","104.4","105.04","600","11.22","19.34","246","1","21","25","",""
"801",2024/3/1 13:28:03,"305","119.84745","31.71483","66.73","79","70","-77.49","6.86","61;171;73;147","-78.52;-82.84;-87.85;-90.55","535.69","501.91","506.11","1401","7.2","21.94","242.09","3","118.11","103.84","105.55","600","9.54","19.25","246","1","21","25","",""
"802",2024/3/1 13:28:04,"305","119.8475","31.71468","67.31","79","70","-77.6","7.03","61;73;171;55;147;85","-78.87;-83.95;-84.11;-87.42;-91.04;-91.18","533.56","503.29","506.45","1402","6.57","22.1","243.34","3","117.45","105.15","106.1","600","9.04","19.19","246","1","22","25","",""
"803",2024/3/1 13:28:05,"304","119.84754","31.71454","66.35","79","70","-77.89","4.15","61;73;56;171;55;85;147","-78.67;-80.85;-84.48;-86.40;-86.44;-89.63;-106.78","533.64","496.55","499.6","1402","8.56","21.82","243","3","117.17","104.99","106.05","600","11.05","19.23","246","1","22","25","",""
"804",2024/3/1 13:28:06,"305","119.84759","31.71439","66.36","79","70","-78.19","2.68","73;61;171;55;56;85;147","-78.38;-79.12;-84.12;-84.50;-84.60;-90.38;-106.78","519.69","481.16","482.3","1403","10.19","20.53","241.1","3","117.22","105.37","105.59","600","10.38","19.19","246","1","22","25","",""
"805",2024/3/1 13:28:07,"305","119.84762","31.71424","66.22","79","70","-77.78","5.17","61;73;171;55;56;85","-78.46;-79.90;-83.80;-83.89;-84.60;-88.80","499.23","463.15","462.24","1402","6.47","20.17","242.11","3","117.26","104.36","105.11","600","9.88","19.14","246","1","22","25","",""
"806",2024/3/1 13:28:08,"305","119.84765","31.71409","66.59","79","70","-78.41","4.64","61;56;73;171;55;147;85","-78.79;-82.49;-83.45;-84.93;-85.23;-88.13;-88.36","484.18","444.86","448.48","1401","9.56","20.23","239.96","3.3","117.38","105.31","105.82","600","9.36","19.14","246","1","22","25","",""
"807",2024/3/1 13:28:09,"305","119.84769","31.71395","66.44","79","70","-78.46","3.56","61;56;55;171;73;85;147","-79.62;-81.43;-83.47;-85.59;-86.19;-88.34;-89.77","487.77","449.3","452.75","1402","7.05","20.39","242.29","3.08","117.59","105.04","106.2","600","10.38","19.09","246","1","22","25","",""
"808",2024/3/1 13:28:10,"305","119.84772","31.7138","66.7","79","70","-78.75","1.38","61;56;55;73;171;85;147","-78.32;-81.66;-83.46;-84.80;-86.75;-88.64;-96.20","493.41","457.31","460.64","1402","6.7","20.61","244","3","115.91","102.78","103.7","600","12.02","18.85","246","1","22","25","",""
"809",2024/3/1 13:28:11,"305","119.84775","31.71365","66.84","79","70","-80.17","1.41","61;56;55;73;171;85;147","-77.72;-80.72;-83.77;-85.41;-86.62;-88.57;-106.23","494.86","457.45","461.92","1402","9.42","20.3","241.61","3","111.57","98.5","99.47","600","9.88","18.23","246","1","22","25","",""
"810",2024/3/1 13:28:12,"305","119.84776","31.71351","66.58","79","70","-80.71","1.64","61;56;55;171;73;85;26;302;147","-78.36;-79.84;-82.33;-83.74;-86.81;-88.55;-92.36;-96.43;-124.13","495.13","456.66","460.08","1402","8.06","20.42","243.13","3","106.51","94.1","94.54","600","10.72","17.89","246","1","22","25","",""
"811",2024/3/1 13:28:13,"305","119.84777","31.71336","65.94","79","70","-81.86","0.21","61;171;56;55;73;85;302;26","-78.66;-79.20;-79.47;-85.75;-85.85;-88.05;-89.80;-92.92","484.86","443.59","449.09","1402","9","19.56","242.07","3.66","103.47","91.05","92.31","600","11.22","18.55","243.73","1","23","25","",""
"812",2024/3/1 13:28:14,"305","119.84778","31.71321","66.49","79","70","-80.94","0.4","61;171;56;73;302;55;85;26","-78.91;-79.21;-79.64;-82.70;-84.65;-87.59;-88.05;-93.67","479.48","422.6","428","1403","13.26","19.22","240.67","3.38","104.36","90.83","91.53","600","14.66","18.92","243","1","22","25","",""
"813",2024/3/1 13:28:15,"305","119.84779","31.71306","66.77","79","61","-81.31","0.48","56;171;70;73;302;55","-79.09;-81.54;-81.57;-81.85;-84.92;-86.14","445.28","409.46","392.58","1403","9.41","16.96","241.81","3.54","104.01","91.93","90.49","600","12.96","18.98","241.41","1","22","25","",""
"814",2024/3/1 13:28:16,"305","119.84778","31.7129","66.96","79","61","-78.31","3.28","171;56;73;70;302;55;85","-78.08;-78.98;-79.94;-80.61;-83.19;-85.14;-89.26","452.18","358.45","368.03","1395","21.54","18.1","239.69","4","110.01","95.47","95.73","600","12.35","19.85","246","1","19","25","",""
"815",2024/3/1 13:28:17,"305","119.84779","31.71275","66.87","79","61","-77.57","0.85","171;56;73;70;302;55;85","-75.61;-78.84;-79.83;-80.38;-81.05;-86.87;-88.95","500.87","453.3","426.28","1408","8.96","24.13","242.61","4","116.05","103.26","102.97","600","9.51","20.52","246","1","19","25","",""
"816",2024/3/1 13:28:18,"305","119.84778","31.7126","66.79","79","61","-77.25","1.04","171;56;302;70;73;85","-76.66;-79.55;-79.77;-80.09;-81.25;-88.95","575.42","485.58","486.36","1406","21.58","22.64","238.36","4","124.24","107.99","111.61","600","9.51","20.28","246","1","19","25","",""
"817",2024/3/1 13:28:19,"305","119.84777","31.71245","67.06","79","61","-77.27","2.12","56;70;302;171;73","-79.98;-80.01;-80.18;-80.47;-83.30","597.43","518.6","518.54","1402","9.64","24.77","242.79","4","125.35","112.5","113.2","600","9.18","20.5","246","1","19","25","",""
"818",2024/3/1 13:28:20,"305","119.84776","31.71229","67.42","79","61","-78.06","3.88","56;70;73;171;302;55","-79.99;-80.70;-82.63;-83.52;-83.60;-87.88","595.88","476.64","475.3","1406","28.09","22.92","236.47","4","124.46","111.45","112.36","600","9.71","19.92","246","1","19","25","",""
"819",2024/3/1 13:28:21,"305","119.84775","31.71215","66.3","79","61","-78.69","5.93","56;70;302;171;73;55","-79.66;-80.59;-80.91;-82.22;-83.26;-87.75","598.6","503.62","506.02","1404","11.71","24.16","240.46","4","123.99","110.98","112.03","600","9.54","20.12","246","1","19","25","",""
"820",2024/3/1 13:28:22,"305","119.84772","31.712","67.42","79","61","-77.4","6.41","56;171;70;302;73","-79.56;-80.97;-81.30;-81.49;-84.65","598.03","503.45","511.53","1404","7.41","24.5","242.66","4","125.03","111.53","112.77","600","10.03","21.09","246","1","19","25","",""
"821",2024/3/1 13:28:23,"305","119.8477","31.71184","67.9","79","61","-77.35","5.57","56;302;70;171;73","-79.08;-80.19;-80.30;-81.53;-85.21","606.59","552.79","557.13","1404","10.95","24.32","241.32","4","129.26","116.85","116.38","600","10.21","22.02","246","1","19","25","",""
"822",2024/3/1 13:28:24,"304","119.84768","31.71169","67.16","79","61","-77.96","3.27","302;56;171;70;73;55","-78.09;-79.66;-82.58;-82.99;-84.63;-89.70","604.52","551","551.54","1404","8.26","24.21","240.75","4","130.04","115.54","116.18","600","11.55","20.38","246","1","19","25","",""
"823",2024/3/1 13:28:25,"304","119.84767","31.71154","67.93","79","61","-79.03","3.23","302;56;70;171;73;55","-76.90;-79.06;-82.86;-84.74;-84.84;-90.55","597.01","537.64","544.06","1404","13.47","23.7","239.48","4","126.98","110.74","112.8","600","11.39","19.4","246","1","19","25","",""
"824",2024/3/1 13:28:26,"304","119.84764","31.7114","67.13","79","61","-78.54","3.63","302;56;70;171;73;55","-73.84;-78.86;-82.88;-84.63;-85.87;-88.02","591.65","523.11","527.2","1404","10.12","23.91","241.93","4","122.26","107.02","108.02","600","10.86","19.49","246","1","22","25","",""
"825",2024/3/1 13:28:27,"304","119.84761","31.71125","67.21","79","61","-77.39","4.22","302;56;70;171;73;55","-74.45;-78.40;-82.96;-86.26;-86.28;-88.02","591.75","503.41","523.72","1404","15.72","23.41","239.53","4","120.47","106.66","107.44","600","9.19","19.55","246","1","19","25","",""
"826",2024/3/1 13:28:28,"304","119.84758","31.7111","67.31","79","61","-78.28","4.49","302;56;70;73;67;171","-78.30;-78.91;-83.41;-86.97;-89.25;-93.48","593.96","528.6","536.58","1404","5.27","24.67","244.53","4","120.59","107.27","108.2","600","9.54","19.4","246","1","22","25","",""
"827",2024/3/1 13:28:29,"304","119.84754","31.71095","66.74","79","61","-79.41","6.79","56;302;70;55;67;73;171","-79.09;-82.72;-83.05;-86.65;-86.92;-87.59;-91.05","603.59","552.66","549.36","1404","8.61","24.83","239.08","3","120.2","106.49","107.7","600","11.89","19.27","246","1","22","25","",""
"828",2024/3/1 13:28:30,"305","119.8475","31.7108","66.88","79","61","-79.47","4.56","56;70;302;73;55;26;171;67","-78.05;-82.55;-84.11;-86.21;-86.94;-91.56;-94.55;-117.29","612.55","574.3","577.41","1406","6.25","24.89","241.25","3","119.67","104.49","106.1","600","11.22","19.27","246","1","22","25","",""
"829",2024/3/1 13:28:31,"305","119.84746","31.71066","66.23","79","61","-80.65","4.92","56;302;70;73;55;26;171;82;67","-77.84;-81.84;-83.32;-84.53;-86.30;-92.38;-93.50;-94.87;-99.29","607.49","568.15","572.95","1404","7.71","24.43","240.76","3.15","118.79","104.67","105.26","600","10.53","19.15","246","1","22","25","",""
"830",2024/3/1 13:28:32,"306","119.84742","31.71052","66.97","79","61","-79","6.22","56;70;302;73;26;82","-78.03;-82.48;-82.59;-83.85;-94.97;-133.99","598.46","556.28","559.36","1402","8.27","24.34","239.86","3.75","118.85","105.93","105.51","600","11.35","19.36","246","1","21","25","",""
"831",2024/3/1 13:28:33,"306","119.84736","31.71038","66.44","79","61","-79.04","6.7","56;70;73;302;67;26;82","-77.94;-81.93;-83.53;-85.39;-87.86;-89.51;-108.20","595.68","548.44","553.16","1404","8.26","24.27","241.82","3.84","119.1","104.92","106.02","600","10.38","19.48","246","1","21","25","",""
"832",2024/3/1 13:28:34,"306","119.8473","31.71024","66.36","79","61","-78.9","7.35","56;70;73;302;67;26;171","-78.26;-82.44;-83.52;-86.84;-88.07;-90.57;-121.02","599.8","541.18","546.46","1405","10.4","24.03","242.05","4","120.15","105.58","106.38","600","10.88","19.45","246","1","21","25","",""
"833",2024/3/1 13:28:35,"307","119.84724","31.71009","66.73","79","61","-80.11","6.63","56;73;70;67;26;82;302;85;171","-78.24;-83.01;-83.63;-88.07;-89.54;-90.55;-92.17;-98.27;-122.95","603.46","545.74","551.1","1406","7.05","24.24","242.47","3.76","120.13","105.61","106.7","600","10.88","19.3","246","1","22","25","",""
"834",2024/3/1 13:28:36,"307","119.84717","31.70996","66.76","79","61","-81.52","4.41","56;73;70;67;26;82;171;302;85","-78.38;-82.53;-83.75;-88.33;-88.98;-91.93;-94.43;-96.20;-98.29","606.12","555.24","568.68","1404","4.35","24.7","244.04","3.08","119.31","104.94","105.81","600","11.39","19.27","246","1","22","25","",""
"835",2024/3/1 13:28:37,"306","119.8471","31.70983","66.35","79","61","-81.55","5.24","56;73;70;67;26;302;171","-78.68;-82.43;-85.14;-85.75;-89.80;-93.16;-108.38","607.71","562.22","564.98","1402","9.34","24.55","242.2","3.07","118.87","104.61","105.43","600","10.86","19.36","246","1","21","25","",""
"836",2024/3/1 13:28:38,"305","119.84703","31.70968","66.76","79","61","-81.79","5.93","56;73;67;70;302;26","-79.33;-83.18;-84.81;-86.20;-88.80;-89.53","612.54","567.76","572.03","1406","5.91","24.78","242.04","3.33","118.93","104.91","105.55","600","10.16","19.35","246","1","22","25","",""
"837",2024/3/1 13:28:39,"306","119.84695","31.70954","66.85","79","61","-82.29","5.19","56;73;302;67;70;26","-80.38;-83.63;-83.65;-84.05;-86.50;-89.77","616.67","568.01","572.5","1402","6.7","25.11","241.91","3","119.44","103.96","105.82","600","11.72","19.39","246","1","21","25","",""
"838",2024/3/1 13:28:40,"306","119.84687","31.70941","66.53","79","61","-82.02","4.91","302;56;73;67;70;26","-77.92;-81.50;-83.36;-83.80;-86.08;-91.48","623.96","577.13","580.59","1406","8.47","24.97","243.05","3.16","119.54","104.65","105.67","600","11.68","19.49","246","1","20","25","",""
"839",2024/3/1 13:28:41,"306","119.84678","31.70928","66.84","79","61","-81.46","4.05","302;56;73;67;70;26","-75.71;-81.66;-82.85;-83.02;-87.15;-90.74","613.88","558.88","563.01","1406","8.47","23.89","241.96","3.53","120","104.03","104.91","600","12.06","19.61","246","1","19","25","",""
"840",2024/3/1 13:28:42,"306","119.8467","31.70915","66.04","79","302","-81.52","3.71","61;56;67;73;70;26","-80.09;-80.76;-82.04;-82.91;-87.54;-99.62","598.12","556.45","544.14","1404","7.29","24.23","242.95","3.66","118.15","103.17","103.42","600","11.55","19.34","245.57","1","21","25","",""
"841",2024/3/1 13:28:43,"306","119.8466","31.70901","66.84","79","302","-74.52","9.76","61;56;67;73;26;70","-79.18;-81.04;-82.07;-83.18;-86.84;-88.81","567.24","431.13","505.76","1402","17.54","14.83","236.09","3.91","126.09","110.34","111.02","598","12.32","23.47","246","1","19","25","",""
"842",2024/3/1 13:28:44,"306","119.84651","31.70889","66.56","79","302","-75.38","10.57","61;56;73;67;70;26","-79.98;-81.41;-82.89;-83.98;-87.89;-110.05","518.83","400.47","460.63","1404","7.78","14.35","241.24","4","135.92","118.96","121.32","600","10.25","23.91","246","1","19","25","",""
"843",2024/3/1 13:28:45,"306","119.84641","31.70876","66.82","79","302","-71.18","10.78","67;61;85;73;82;70;56;26","-82.09;-83.98;-86.18;-88.23;-89.27;-93.34;-115.90;-155.42","503.1","461.8","465.46","1404","5.27","15.76","240.91","4","152.09","132.21","135.59","600","11.05","25.38","246","1","19","25","",""
"844",2024/3/1 13:28:46,"307","119.84632","31.70863","67.54","79","302","-72.38","9.76","85;67;61;82;73;70;56","-82.38;-82.67;-82.96;-90.21;-93.16;-98.00;-136.98","508.4","472.43","479.13","1406","7.53","15.97","240.31","4","157.58","139.59","141.2","600","9.54","25.37","246","1","19","25","",""
"845",2024/3/1 13:28:47,"307","119.84622","31.70853","66.04","79","302","-74.35","7.62","61;85;67;82;70","-82.86;-83.38;-85.20;-91.41;-98.00","560.99","536.03","539.71","1406","0.92","24.49","244.32","4","161.11","142.85","143.98","600","9.84","25.27","246","1","19","25","",""
"846",2024/3/1 13:28:48,"307","119.84612","31.7084","66.55","79","302","-77.75","5.82","61;85;67;70","-82.66;-83.22;-84.89;-97.94","610.91","596.36","599.17","1404","0","26.72","243.42","4","160.99","144.1","144.89","600","9.21","25.35","246","1","19","25","",""
"847",2024/3/1 13:28:49,"307","119.84602","31.70829","66","79","302","-81.11","2.95","67;61;85;70;26","-82.50;-84.48;-84.66;-96.37;-102.92","658.3","650.47","654.34","1406","1.56","26.67","245.15","4","159.79","142.96","143.55","600","10.38","24.86","246","1","19","25","",""
"848",2024/3/1 13:28:50,"306","119.84591","31.70816","66.6","79","302","-73.47","9.66","67;85;61;70;26","-82.20;-84.20;-85.86;-93.93;-94.73","669.07","661.17","665.3","1404","0","26.95","242.71","4","159.17","139.51","141.66","600","12.39","25.1","246","1","19","25","",""
"849",2024/3/1 13:28:51,"307","119.8458","31.70805","65.73","79","302","-73.75","9.22","67;85;61;70;26","-82.05;-85.16;-88.17;-93.81;-106.59","671.06","660.54","667.55","1408","1.56","26.23","243.49","4","158.78","138.27","140.09","600","11.22","25.24","246","1","19","25","",""
"850",2024/3/1 13:28:52,"306","119.84569","31.70794","65.48","79","302","-73.64","9.13","67;85;61;70;26","-82.81;-84.43;-84.93;-95.08;-104.95","670.79","661.76","666.42","1406","0.57","26.92","243.98","3.75","159.52","139.3","141.03","600","10.05","25.19","246","1","19","25","",""
"851",2024/3/1 13:28:53,"305","119.84555","31.70782","66.44","79","302","-73.46","10.36","67;61;85;70","-82.28;-84.51;-84.83;-98.73","673.05","662.9","667.25","1407","0.92","26.52","244.63","3.23","159.73","141.5","142.16","600","10.16","25.21","246","1","19","25","",""
"852",2024/3/1 13:28:54,"304","119.84543","31.70772","66.47","79","302","-73.43","10.24","67;85;61;70","-83.40;-84.42;-84.89;-94.59","675.53","666.29","671.07","1402","0.71","26.94","245.98","4","159.43","141.01","142.41","600","10.05","25.13","246","1","19","25","",""
"853",2024/3/1 13:28:55,"304","119.84533","31.70763","65.07","79","302","-73.39","10.16","67;61;85","-83.20;-84.99;-85.23","674.01","659.51","663.13","1406","3.34","26.56","243.16","3.23","159.2","141.11","142.56","600","10.72","25.14","246","1","19","25","",""
"854",2024/3/1 13:28:56,"306","119.84519","31.70752","65.06","79","302","-73.45","10.18","67;85;61","-83.94;-84.21;-84.81","672.8","658.34","662","1404","0.78","26.93","244.83","3","158.45","139.95","141.79","600","10.51","24.8","246","1","19","25","",""
"855",2024/3/1 13:28:57,"306","119.84505","31.70742","66.64","79","302","-73.05","11.68","67;85;61","-84.31;-84.96;-86.32","672.02","656.28","661.47","1402","0.92","26.88","244.27","3.3","157.98","140.25","140.57","600","11.01","24.97","246","1","19","25","",""
"856",2024/3/1 13:28:58,"308","119.84492","31.70734","65.81","79","302","-73.98","10.73","85;67;61","-85.27;-85.62;-88.27","671.42","662.26","667.33","1406","0.78","26.79","242.39","3.08","157.87","139.91","140.92","600","9.86","25.12","246","1","19","25","",""
"857",2024/3/1 13:28:59,"308","119.84478","31.70726","64.98","79","302","-74.38","10.21","85;61;67","-86.26;-88.25;-90.25","672.74","664.15","668.9","1406","0","26.96","244.79","3","158.68","140.05","141.3","600","10.86","25.21","246","1","19","25","",""
"858",2024/3/1 13:29:00,"309","119.84465","31.70715","65.66","79","302","-75.74","8.9","85;61;67","-84.43;-88.09;-89.79","673.02","664.55","669.64","1406","0.78","26.84","244.06","3","159.23","139.83","141.59","600","10.88","25.16","246","1","19","25","",""
"859",2024/3/1 13:29:01,"309","119.84451","31.70706","66.03","79","302","-76.78","9.31","85;61;67","-86.16;-88.33;-92.48","674.56","668.06","672.68","1408","0.07","26.84","243.99","3","158.7","139.96","140.39","600","10.88","24.86","246","1","19","25","",""
"860",2024/3/1 13:29:02,"311","119.84436","31.70696","66.82","79","302","-70.3","13.49","85;61;67;192","-86.20;-89.38;-91.26;-137.34","672.67","660.1","665.24","1408","2.41","26.66","242.77","3","158.39","139.04","140.23","600","10.55","25.06","246","1","19","25","",""
"861",2024/3/1 13:29:03,"312","119.84423","31.70688","65.61","79","302","-70.37","13.92","85;56;61;70;67;192","-87.37;-89.65;-92.45;-97.73;-109.73;-155.91","674.41","664.46","668.77","1406","0","26.96","246","3","158.56","138.5","140.05","600","12.06","25.22","246","1","19","25","",""
"862",2024/3/1 13:29:04,"313","119.84409","31.7068","64.59","79","302","-70.02","13.44","85;56;61;70;67;192","-86.69;-90.10;-92.49;-96.05;-99.11;-155.99","673.02","661.08","665.8","1406","0.77","26.79","242.78","3","159.13","139.12","141.03","600","10.16","25.18","246","1","19","25","",""
"863",2024/3/1 13:29:05,"313","119.84394","31.70671","66.83","79","302","-69.86","12.69","85;61;56;70","-87.12;-90.02;-90.42;-99.47","672.96","664.49","669.58","1406","0.78","26.86","243.74","3","159.67","140.45","141.83","600","10.88","25.21","246","1","19","25","",""
"864",2024/3/1 13:29:06,"314","119.84379","31.70664","66.1","79","302","-69.85","12.11","85;56;61;73;70","-87.50;-92.48;-93.74;-95.32;-100.12","672.34","664.27","668.83","1404","0.14","26.96","244.79","3","159.57","141.41","142.67","600","9.71","25.19","246","1","19","25","",""
"865",2024/3/1 13:29:07,"315","119.84364","31.70656","65.53","79","302","-70.47","10.66","85;56;61;26;70;73","-88.09;-90.52;-94.58;-96.82;-100.96;-105.87","671.4","658.58","661.65","1406","3.27","26.72","243.2","3","159.64","141.36","142.35","600","10.2","25.19","246","1","19","25","",""
"866",2024/3/1 13:29:08,"315","119.84349","31.7065","64.95","79","302","-71.14","10.27","67;85;26;56;61;70;73","-81.31;-87.70;-93.88;-95.24;-96.79;-99.43;-105.63","672.11","655.61","658.94","1404","1.92","26.81","245.62","3","159.6","140.92","142.42","600","10.68","25.2","246","1","19","25","",""
"867",2024/3/1 13:29:09,"314","119.84334","31.70642","65.51","79","302","-71.84","8.93","67;85;26;56;61;70;73","-80.89;-87.88;-93.97;-94.31;-95.89;-100.40;-113.53","672.7","652.88","656.38","1404","1.35","26.76","245.01","3","159.47","141.37","142.53","600","9.51","25.15","246","1","19","25","",""
"868",2024/3/1 13:29:10,"315","119.84318","31.70635","66.27","79","302","-72.64","7.9","67;85;56;26;70;44;61","-81.03;-89.09;-93.90;-94.22;-99.36;-100.89;-100.91","674.09","654.9","659.5","1404","2.63","26.68","246.14","3","158.91","141.48","141.72","600","11.35","25","246","1","19","25","",""
"869",2024/3/1 13:29:11,"318","119.84301","31.70629","65.92","79","302","-73.29","7.67","85;56;26;44;70;61","-88.00;-89.69;-94.26;-97.59;-100.12;-101.41","671.44","653.6","658.54","1406","1.92","26.75","243.03","3","157.63","140.14","140.86","600","10.18","24.63","246","1","19","25","",""
"870",2024/3/1 13:29:12,"317","119.84285","31.70622","66.08","79","302","-74.31","6.13","67;85;56;26;44;61;70","-81.72;-88.52;-91.56;-93.23;-93.35;-99.03;-99.91","672.32","656.32","658.54","1404","0.85","26.95","245.32","3","155.65","137.53","138.62","600","10.66","24.09","246","1","19","25","",""
"871",2024/3/1 13:29:13,"317","119.84269","31.70615","66.92","79","302","-74.86","6.09","67;56;85;44;61;70","-81.70;-87.73;-88.16;-94.15;-98.64;-99.58","664.16","637.02","641.54","1408","7.82","25.8","241.99","3","154.22","136.93","137.69","600","10.33","24.08","246","1","19","25","",""
"872",2024/3/1 13:29:14,"317","119.84252","31.70608","67.7","79","302","-75.8","5.19","67;85;56;70;44;26;61","-81.70;-89.23;-92.49;-96.49;-98.07;-101.55;-107.05","655.56","620.63","620.51","1406","6.63","25.85","244.69","2.91","151.27","134.54","135.73","600","9.86","23.41","246","1","19","25","",""
"873",2024/3/1 13:29:15,"316","119.84235","31.70602","67.2","79","302","-77.29","4.63","85;56;70;44;26","-88.16;-94.76;-96.10;-96.23;-98.11","656.26","615.62","621.01","1402","1.49","26.74","244.93","3","148.47","131.84","133","600","10.36","23.2","246","1","19","25","",""
"874",2024/3/1 13:29:16,"316","119.84219","31.70596","66.9","79","302","-77.69","3.8","67;85;56;44;70","-85.09;-87.96;-90.58;-94.73;-95.60","667.04","646.13","649.51","1406","0","26.92","244","3","145.77","128.78","130.26","600","10.85","23.26","246","1","19","25","",""
"875",2024/3/1 13:29:17,"315","119.84202","31.7059","67.35","79","302","-78.83","2.7","67;85;44;56;70","-85.09;-87.34;-95.38;-95.60;-96.30","673.3","661.59","666.08","1406","1.56","26.74","242.6","3","145.11","128.25","129.01","600","10.55","23.22","246","1","19","25","",""
"876",2024/3/1 13:29:18,"314","119.84184","31.70585","69.01","79","302","-79.49","3.6","85;67;44;70;56","-86.74;-87.11;-91.54;-91.66;-96.07","673.16","663.14","667.73","1404","0.78","26.86","244.87","3","145.25","128.1","129.32","600","10.21","23.27","246","1","19","25","",""
"877",2024/3/1 13:29:19,"315","119.84167","31.70581","68.99","79","302","-80.71","3.35","85;67;44;56;70","-86.29;-88.62;-91.37;-93.86;-94.73","673.81","663.79","668.39","1408","0","26.88","244","3","145.18","129.13","129.6","600","10.12","23.19","246","1","19","25","",""
"878",2024/3/1 13:29:20,"315","119.8415","31.70576","68.98","79","302","-74.79","9.41","26;85;67;44;56","-85.76;-86.74;-86.83;-93.22;-94.88","673.39","665.58","670.27","1407","1.56","26.78","243.96","3","144.87","128.84","129.68","600","10.2","23.13","246","1","19","25","",""
"879",2024/3/1 13:29:21,"315","119.84134","31.70573","68.21","79","302","-74.89","9.05","26;85;67;44;56","-87.43;-87.91;-88.76;-92.00;-96.01","674.34","667.09","671.06","1402","0.07","26.98","246.23","3","144.67","128.65","129.24","600","10.55","23.19","246","1","19","25","",""
"880",2024/3/1 13:29:22,"315","119.84117","31.70569","68.09","79","302","-74.75","9.39","26;85;67;70;44;56","-87.18;-87.33;-90.01;-90.11;-91.23;-95.60","673.28","665.32","668.08","1403","1.47","26.78","243.27","3","144.58","128.05","128.98","600","10.21","23.19","246","1","19","25","",""
"881",2024/3/1 13:29:23,"315","119.841","31.70566","67.21","79","302","-74.96","9.84","26;67;85;44;70;56;61","-85.52;-88.05;-88.70;-91.59;-92.48;-96.10;-104.71","672.82","664.7","668.71","1403","0.23","26.96","243.39","3","143.98","127.18","128.39","600","10.76","22.72","246","1","19","25","",""
"882",2024/3/1 13:29:24,"316","119.84082","31.70563","67.64","79","302","-75.4","9.14","67;26;85;44;70;61;56","-87.22;-87.82;-89.13;-91.14;-92.23;-96.87;-96.95","673.11","662.01","666.4","1402","1.14","26.87","245.86","3","141.1","124.83","125.97","600","10.21","22.19","246","1","19","25","",""
"883",2024/3/1 13:29:25,"316","119.84065","31.7056","66.81","79","302","-75.53","9.29","67;85;26;70;44;61;56","-86.85;-87.54;-87.78;-91.02;-91.05;-93.22;-94.89","671.52","654.69","657.95","1403","4.27","26.6","243.57","3","138.26","122.78","123.49","600","10.38","22.14","246","1","19","25","",""
"884",2024/3/1 13:29:26,"315","119.84048","31.70557","67.19","79","302","-75.64","8.32","67;26;44;70;85;61;56","-87.48;-88.91;-91.45;-91.48;-91.79;-93.34;-95.14","670.07","648.04","653.29","1402","1.78","26.67","245.56","3","135.19","119.27","120.68","600","11.22","21.49","246","1","19","25","",""
"885",2024/3/1 13:29:27,"315","119.84031","31.70555","66.73","79","302","-76.42","8.6","67;85;26;44;61;70","-87.91;-88.17;-89.21;-90.80;-92.27;-93.53","665.84","639.3","644.66","1402","3.03","26.7","242.52","3","131.81","114.89","117.41","600","10.74","20.27","246","1","19","25","",""
"886",2024/3/1 13:29:28,"314","119.84013","31.70553","66.25","79","302","-76.82","8.02","67;26;44;85;61;70;56","-87.30;-88.02;-89.13;-89.66;-91.05;-93.28;-99.23","670.14","649.06","652.76","1402","2.42","26.91","244.85","3","126.93","111.72","112.67","600","10.88","19.99","246","1","19","25","",""
"887",2024/3/1 13:29:29,"314","119.83996","31.70552","65.6","79","302","-77.07","7.62","67;85;26;44;70;61;56","-86.32;-88.27;-88.62;-91.61;-93.65;-94.17;-102.12","667.02","637.05","641.98","1403","5.06","26.31","243.45","3","123.05","108.68","109.51","600","10.35","19.53","246","1","20","25","",""
"888",2024/3/1 13:29:30,"314","119.83977","31.70551","66.08","79","302","-78.37","6.89","67;26;85;44;70;61;56","-84.38;-87.34;-90.75;-91.83;-95.89;-96.34;-99.13","670.73","649.22","654.46","1402","0.28","26.98","246.73","3","121.07","107.8","108.27","600","9.71","19.19","246","1","22","25","",""
"889",2024/3/1 13:29:31,"314","119.8396","31.7055","66.86","79","302","-79.14","6.68","67;26;44;85;61;70;56","-85.44;-88.13;-91.28;-91.47;-92.59;-99.14;-103.04","670.35","656.06","660.5","1402","3.28","26.73","242.71","3","119.77","106.53","107.09","600","11.05","19.21","246","1","22","25","",""
"890",2024/3/1 13:29:32,"314","119.83941","31.70551","66.66","79","302","-76.92","5.64","67;26;85;61;56;44;70","-81.75;-85.63;-85.72;-89.61;-89.70;-90.40;-93.70","671.69","658.13","660.87","1401","1.07","26.94","245.13","3","118.87","105.11","106.33","600","10.57","19.26","246","1","22","25","",""
"891",2024/3/1 13:29:33,"315","119.83924","31.70551","67.26","79","302","-77.35","4.61","67;85;26;56;44;61;70","-81.84;-84.45;-84.62;-87.18;-89.53;-91.91;-93.26","669.69","644.56","649.73","1402","4.47","26.6","243.51","3","118.18","105.04","105.94","600","9.54","19.24","245.92","1","22","25","",""
"892",2024/3/1 13:29:34,"315","119.83908","31.70551","65.98","79","302","-78.14","4.17","67;26;56;85;44","-80.27;-84.78;-86.78;-87.72;-89.00","668.1","642.24","644.88","1402","4.04","26.49","246.03","3","117.43","104.83","105.49","600","10.38","19.22","246","1","22","25","",""
"893",2024/3/1 13:29:35,"314","119.83891","31.70551","66.23","79","302","-78.51","3.01","67;26;56;85;44","-79.64;-84.59;-86.75;-88.09;-88.27","667.5","632.17","637.59","1401","4.28","26.55","245.39","3.46","117.13","104.43","105.47","600","10.72","19.2","246","1","22","25","",""
"894",2024/3/1 13:29:36,"315","119.83873","31.70552","65.76","79","302","-79.1","2.65","67;56;26;44;85;70","-80.05;-85.37;-86.18;-87.42;-88.25;-114.63","666.3","634.93","639.66","1401","4.35","26.68","243.28","3.16","117.18","104.03","105.4","600","9.88","19.2","246","1","22","25","",""
"895",2024/3/1 13:29:37,"316","119.83855","31.70552","66.79","79","302","-79","2.21","67;26;56;44;85;70","-81.27;-85.03;-85.27;-85.64;-87.35;-103.75","668.87","639.96","644.46","1403","4.64","26.53","246.06","3","117.19","104.04","105.54","600","10.56","19.21","246","1","22","25","",""
"896",2024/3/1 13:29:38,"316","119.83838","31.70553","66.37","79","302","-79.48","1.77","67;44;85;56;26","-83.13;-84.95;-86.43;-86.84;-88.36","666.47","639.68","642.91","1403","3.92","26.51","245.65","3.08","117.17","104.67","105.27","600","11.03","19.23","246","1","22","25","",""
"897",2024/3/1 13:29:39,"317","119.83821","31.70555","66.41","79","302","-79.41","1.97","44;67;85;56;26","-83.38;-86.03;-86.20;-87.35;-88.35","661.79","627.21","628.96","1403","8.48","25.93","243.43","3.38","117.15","104.33","105","600","10.38","19.21","246","1","22","25","",""
"898",2024/3/1 13:29:40,"317","119.83805","31.70557","65.29","79","302","-79.17","3.04","44;67;85;56","-81.88;-82.54;-84.98;-87.35","635.09","592.72","593.16","1402","8.5","23.89","243.88","4","117.17","105.02","105.09","600","10.55","19.2","246","1","22","25","",""
"899",2024/3/1 13:29:41,"316","119.83785","31.70559","65.67","79","302","-79.42","3.62","67;44;85","-80.73;-81.60;-83.91","613.36","562.84","562.09","1402","8.7","24.44","242.66","3.92","117.21","103.93","105.29","600","10.55","19.19","246","1","22","25","",""
"900",2024/3/1 13:29:42,"318","119.83766","31.7056","66.51","79","302","-79.88","2.91","67;44;85","-79.55;-80.94;-83.26","598.97","549.88","553.07","1401","8.81","24.67","243.57","4","117.38","104.7","105.65","600","9.83","19.1","246","1","22","25","",""
"901",2024/3/1 13:29:43,"317","119.83749","31.70563","66.65","79","302","-80.42","2.47","67;44;85","-79.02;-80.77;-82.53","608.15","558.76","563.01","1402","7.99","24.65","243.23","4","117.59","104.84","105.95","600","10.05","19.09","246","1","22","25","",""
"902",2024/3/1 13:29:44,"316","119.83731","31.70564","66.14","79","302","-80.97","1.07","67;44;85;26","-79.63;-79.72;-82.50;-87.03","604.4","553.07","557.57","1402","8.48","23.98","242.16","4","117.62","104.84","105.77","600","11.05","19.17","246","1","22","25","",""
"903",2024/3/1 13:29:45,"315","119.83713","31.70567","67.92","79","302","-81.55","0.57","44;67;85;26","-79.78;-80.22;-82.10;-139.62","599.35","545.36","547.05","1403","9.45","24.07","242.7","4","117.48","104.28","105.37","600","10.56","19.21","246","1","22","25","",""
"904",2024/3/1 13:29:46,"315","119.83696","31.70571","67.78","79","302","-82.35","-0.5","44;85;67;26","-79.76;-80.74;-80.77;-85.73","581.55","527.27","530.85","1403","10.27","22.64","243.28","4","117.28","104.33","105.01","600","10.88","19.21","246","1","22","25","",""
"905",2024/3/1 13:29:47,"314","119.8368","31.70575","66.69","79","302","-82.42","-1.14","44;85;67;26","-79.77;-80.51;-81.41;-85.93","571.24","515.41","517.02","1402","9.92","22.9","243.38","3.84","117.21","104.21","105.3","600","10.38","19.2","246","1","22","25","",""
"906",2024/3/1 13:29:48,"314","119.83665","31.7058","66.04","79","302","-82.16","-0.79","44;85;67;26","-79.68;-79.98;-83.68;-84.99","544.35","490.62","493.36","1401","10.64","20.75","243.96","3","117.22","104.65","105.63","600","9.51","19.2","246","1","22","25","",""
"907",2024/3/1 13:29:49,"314","119.8365","31.70585","65.73","79","302","-82.47","-1.22","85;44;26;67;192","-79.27;-79.41;-84.84;-88.84;-92.45","527.71","472.54","476.51","1403","8.63","21.33","241.61","3","117.23","104.58","105.51","600","10.18","19.2","246","1","22","25","",""
"908",2024/3/1 13:29:50,"313","119.83636","31.7059","66.14","79","302","-82.58","-2.06","44;85;26;67;192","-79.36;-79.63;-84.44;-90.00;-93.63","515.62","470.87","474.72","1403","7.94","21.51","244.33","3","117.27","105.21","105.79","600","9.51","19.17","246","1","22","25","",""
"909",2024/3/1 13:29:51,"313","119.83621","31.70595","64.62","79","302","-83.06","-1.25","44;85;26;67;192","-79.55;-79.88;-83.96;-92.42;-94.05","532.23","489.49","495.11","1403","7.2","22.57","243.45","3","117.29","105.59","106","600","9.98","19.18","246","1","22","25","",""
"910",2024/3/1 13:29:52,"314","119.83607","31.70601","63.51","79","302","-82.63","-0.89","44;85;26;56;67;192","-76.95;-79.69;-82.92;-87.21;-92.26;-94.52","551.71","511.94","520.64","1402","6.13","23.25","243.34","3","117.29","104.39","105.53","600","11.55","19.2","246","1","22","25","",""
"911",2024/3/1 13:29:53,"313","119.83591","31.70607","63.39","79","302","-82.96","-1.41","44;85;26;56;67;192","-78.09;-80.10;-83.70;-87.85;-91.07;-98.26","560.94","516.69","519.87","1402","10.55","22.62","243.39","3.15","117.27","104.24","105.13","600","10.21","19.18","246","1","22","25","",""
"912",2024/3/1 13:29:54,"313","119.83574","31.70612","63.37","79","302","-83.8","-3.38","44;85;26;56;67;192","-78.30;-81.15;-83.50;-87.43;-89.13;-152.93","557.83","511.22","513.56","1403","6.91","22.12","243.54","3.33","117.27","103.58","104.93","600","10.35","19.19","246","1","22","25","",""
"913",2024/3/1 13:29:55,"313","119.83558","31.70619","63.18","79","302","-83.98","-2.78","44;85;26;67","-77.88;-81.48;-82.51;-85.05","553.95","505.15","509.87","1402","4.71","22.9","243.68","3.07","117.34","104.3","105.14","600","10.86","19.19","246","1","22","25","",""
"914",2024/3/1 13:29:56,"313","119.83543","31.70626","62.76","79","302","-83.76","-2.01","44;67;26;85","-78.88;-80.93;-82.55;-82.55","555.46","516.57","521.99","1401","6.7","23.03","243.43","3","117.43","104.35","105.41","600","10.38","19.1","246","1","22","25","",""
"915",2024/3/1 13:29:57,"313","119.83529","31.70633","62.28","79","302","-83.35","-3.66","44;67;26;85","-78.24;-80.56;-81.07;-82.59","555.88","515.06","519.06","1403","10.04","22.5","242.52","3","117.39","103.84","105.2","600","10.72","19.21","246","1","22","25","",""
"916",2024/3/1 13:29:58,"311","119.83514","31.70643","63.99","79","302","-83.28","-6.31","44;26;85;67;192;56","-77.77;-80.94;-83.13;-83.19;-92.78;-110.97","537.76","494.85","496.22","1403","11.69","21.19","241.78","3.33","117.37","104.56","105.58","600","10.18","19.19","246","1","22","25","",""
"917",2024/3/1 13:29:59,"311","119.83499","31.70651","63.63","79","302","-83.21","-6.22","44;26;67;85;192;56","-77.30;-81.11;-81.16;-83.73;-91.16;-104.99","509.89","454.76","453.51","1402","15.69","19.27","242.05","3.69","117.24","104.69","105.58","600","10.4","19.2","246","1","22","25","",""
"918",2024/3/1 13:30:00,"311","119.83484","31.70658","63.97","79","302","-83.79","-6.61","44;67;26;85;192","-77.06;-78.70;-81.26;-83.00;-87.62","481.46","424.15","422.85","1401","10.27","18.91","243.99","3.83","117.26","104.74","105.59","600","10.35","19.2","246","1","22","25","",""
"919",2024/3/1 13:30:01,"311","119.83469","31.70666","64.83","79","302","-84.58","-6.15","44;67;26;192;85","-77.11;-81.68;-82.41;-83.50;-83.80","459.27","409.27","410.05","1401","7.64","18.71","242.41","3.92","116.82","103.29","103.1","600","15.19","19.05","246","1","22","25","",""
"920",2024/3/1 13:30:02,"311","119.83455","31.70673","66.14","79","302","-80.32","0.49","44;26;67;85;192;56","-77.23;-82.99;-84.24;-84.40;-85.88;-90.76","447.93","403.73","406.42","1403","10.88","17.96","242.37","3.83","113.33","98.78","99.49","600","10.88","18.69","246","1","22","25","",""
"921",2024/3/1 13:30:03,"311","119.83441","31.70681","65.28","79","302","-81.77","-1.12","44;67;26;85;192;56","-77.60;-82.25;-84.61;-84.69;-85.11;-92.43","441.3","398.41","401.59","1406","8.33","18.51","241.17","3.92","107.41","93.78","93.91","600","10.7","17.45","246","1","22","25","",""
"922",2024/3/1 13:30:04,"311","119.83428","31.70689","64.8","79","44","-82.47","-4.15","67;192;302;85;26;219;97","-77.91;-80.00;-81.13;-86.32;-86.88;-122.80;-123.49","418.89","393.9","366.63","1406","15.92","16.14","238.36","4","99.58","87.75","88.26","600","11.56","17.91","245.08","1","22","25","",""
"923",2024/3/1 13:30:05,"312","119.83415","31.70695","63.7","79","44","-77.35","7.2","67;192;302;85;26;219;97","-76.35;-79.50;-82.39;-84.23;-88.80;-122.40;-123.49","438.37","388.77","378.79","1283","12.02","21.28","242.3","3.91","101.28","89.72","89.84","552","10.88","19.73","246","1","19","25","",""
"924",2024/3/1 13:30:06,"311","119.83403","31.70704","63.52","79","44","-77.42","8.1","67;192;302;85;26;219;97","-77.73;-80.29;-82.40;-84.42;-86.80;-122.15;-127.02","450.62","412.73","390.2","1286","8.86","21.71","242.21","3.76","105.13","94.01","93.66","552","9.65","19.72","246","1","19","25","",""
"925",2024/3/1 13:30:07,"311","119.83391","31.70711","62.89","79","44","-77.81","6.29","67;192;302;85;219;97","-81.93;-81.96;-82.07;-84.09;-119.53;-155.98","498.8","447.88","447.02","1286","7.66","23.49","242.45","3.33","111.43","98.06","99.26","552","11.26","19.57","246","1","19","25","",""
"926",2024/3/1 13:30:08,"310","119.83379","31.70719","61.45","79","44","-77.6","4.2","302;192;67;85;26;219;97","-82.23;-83.00;-84.83;-86.10;-87.75;-117.52;-155.98","523.88","487.35","482.06","1284","7.24","24.68","242.41","3.46","111.38","97.94","99.27","552","10.88","19.72","246","1","19","25","",""
"927",2024/3/1 13:30:09,"310","119.83367","31.70727","60.51","79","44","-77.7","4.82","302;192;85;26;67;219","-81.49;-85.09;-86.02;-86.75;-89.46;-115.52","554.23","517.28","518.83","1284","4.9","25.32","244.27","3.41","111.15","97.63","98.56","552","11.43","19.68","246","1","20","25","",""
"928",2024/3/1 13:30:10,"310","119.83355","31.70736","60.1","79","44","-77","5.8","302;192;67;85;26;219","-81.40;-84.57;-86.98;-87.16;-87.59;-116.28","575.82","546.05","544.7","1284","5.85","25.91","241.87","3.07","111.82","98.47","99.56","552","10.56","19.9","246","1","19","25","",""
"929",2024/3/1 13:30:11,"310","119.83342","31.70744","59.56","79","44","-77.38","5.95","302;192;85;26;219;97","-80.61;-84.94;-87.11;-87.66;-115.99;-122.62","587.16","559.23","561.89","1282","4.63","26.35","242.9","3.58","111.13","97.4","98.29","552","12.97","19.46","246","1","19","25","",""
"930",2024/3/1 13:30:12,"312","119.83334","31.70751","57.66","79","44","-78.14","5.83","302;85;192;26;219;97","-80.41;-85.32;-86.55;-87.62;-112.35;-127.04","594.66","563.87","563.47","1286","8.24","25.92","240.95","4","110.94","96.2","98.01","552","11.29","19.31","246","1","22","25","",""
"931",2024/3/1 13:30:13,"313","119.83322","31.7076","57.34","79","44","-77.9","6.4","302;85;192;26;219;97","-80.58;-82.48;-86.21;-88.02;-112.62;-122.40","597.28","563.59","567.13","1286","4.39","26.3","243.79","4","109.95","96.45","97.36","552","10.64","19.46","246","1","22","25","",""
"932",2024/3/1 13:30:14,"313","119.83311","31.70769","57.03","79","44","-78","4.34","302;85;192;26;219;97","-80.05;-81.48;-83.56;-87.33;-110.34;-116.67","597.77","559.21","562.38","1284","9.03","25.92","240.95","4","110.06","95.82","96.76","552","12.52","19.37","246","1","21","25","",""
"933",2024/3/1 13:30:15,"312","119.83299","31.7078","58.13","79","44","-78.25","0.21","192;302;85;26;219;97","-77.66;-80.13;-81.66;-86.66;-112.54;-119.36","594.91","549.53","559.66","1284","7.69","25.54","245.64","4","109.77","96.13","96.41","552","11.19","19.28","246","1","22","25","",""
"934",2024/3/1 13:30:16,"312","119.83288","31.70791","58.45","79","44","-78.26","-1.9","192;302;85;26;219;97","-77.09;-80.59;-82.66;-88.00;-113.73;-121.69","578.14","515.11","520.56","1284","17.16","23.71","241.68","4","109.84","95.35","96.3","552","11.63","19.32","246","1","22","25","",""
"935",2024/3/1 13:30:17,"313","119.83277","31.70801","59.07","79","44","-78.51","-1.64","192;302;85;26;219;97;50","-79.49;-81.86;-83.62;-87.71;-113.60;-121.69;-142.59","566.89","508.75","512.31","1282","7.61","25.03","243.27","4","110","95.6","97.02","552","11.92","19.45","246","1","21","25","",""
"936",2024/3/1 13:30:18,"313","119.83268","31.70812","59.25","79","44","-79.28","2.23","302;192;85;26;219;50;97","-81.87;-82.06;-83.56;-87.80;-114.92;-142.59;-155.98","563.63","486.77","488.89","1284","17.61","24.38","242.19","4","110.16","95.71","96.68","552","12.02","19.32","246","1","22","25","",""
"937",2024/3/1 13:30:19,"314","119.83258","31.70821","58.98","79","44","-79.76","2.25","85;192;302;26;219;97","-82.24;-82.48;-82.66;-88.13;-114.73;-119.41","572.04","510.66","514.09","1282","8.12","25.2","242.58","4","109.96","96.08","97.1","552","10.42","19.25","246","1","22","25","",""
"938",2024/3/1 13:30:20,"314","119.83249","31.70832","58.88","79","44","-80.45","-0.37","85;192;302;26;219;97","-80.85;-82.54;-82.98;-84.95;-115.38;-120.88","570.91","491.53","511.62","1284","9.41","24.24","239.47","4","109.77","96.67","97.09","552","11.64","19.32","246","1","21","25","",""
"939",2024/3/1 13:30:21,"313","119.83239","31.70843","58.99","79","44","-81.42","-0.67","85;302;192;26;219;97","-77.43;-82.34;-84.98;-87.26;-115.47;-121.63","568.45","493.94","501.63","1282","13.66","24.69","241.25","4","109.4","96.23","97.2","552","10.94","19.29","246","1","22","25","",""
"940",2024/3/1 13:30:22,"314","119.83229","31.70853","60.47","79","44","-81.88","-2.48","85;302;192;26;219;97","-77.40;-82.16;-87.75;-88.41;-116.54;-120.72","567.8","503.01","508.76","1280","5.47","25.24","242.05","4","109.69","96.28","97.15","552","10.72","19.29","246","1","21","25","",""
"941",2024/3/1 13:30:23,"314","119.83222","31.70864","59.98","79","44","-82.19","-2.43","85;302;26;192;56;219;97","-78.13;-82.05;-87.41;-90.58;-90.88;-117.95;-121.58","570.77","524.22","533.31","1286","5.16","25.25","241.97","4","109.46","97.15","97.11","552","10.42","19.26","246","1","22","25","",""
"942",2024/3/1 13:30:24,"313","119.83214","31.70877","60.73","79","44","-82.35","-2.66","85;302;26;56;192;219;97","-78.36;-82.24;-87.30;-89.86;-93.80;-117.72;-122.69","567.94","505.31","517.84","1286","14.66","22.69","241.3","4","109.65","96.17","97.5","552","10.92","19.32","246","1","22","25","",""
"943",2024/3/1 13:30:25,"313","119.83207","31.70887","59.27","79","44","-82.93","1.59","85;302;26;128;192;219;97","-80.23;-82.29;-87.49;-96.49;-97.74;-118.55;-121.55","559.81","501.39","508.94","1284","5.47","24.48","245.39","4","109.24","96.39","96.75","552","12.1","19.38","246","1","22","25","",""
"944",2024/3/1 13:30:26,"313","119.832","31.70899","58.77","79","44","-82.25","4.82","85;302;26;192;128;219;97","-78.77;-81.52;-86.70;-91.66;-111.23;-117.27;-125.39","554.5","491.81","496.94","1286","5.9","24.43","244.35","4","109.5","95.92","97.15","552","11.11","19.3","246","1","22","25","",""
"945",2024/3/1 13:30:27,"315","119.83194","31.70909","57.67","79","44","-81.89","5.63","85;302;26;192;50;128;219;97","-76.60;-81.10;-85.13;-87.95;-91.63;-111.23;-121.66;-121.92","567.53","527.28","529.1","1286","6.12","24.96","243.92","4","109.42","96.28","96.61","552","11.19","19.41","246","1","21","25","",""
"946",2024/3/1 13:30:28,"316","119.83188","31.70919","56.7","79","44","-80.39","5.51","85;302;192;26;219;50;97","-75.31;-81.23;-83.00;-84.24;-120.96;-142.47;-155.98","575.68","543.11","542.98","1284","4.98","25.51","244.52","4","111.12","97.43","98.68","552","9.65","20.09","246","1","19","25","",""
"947",2024/3/1 13:30:29,"316","119.83182","31.7093","56.59","79","44","-79.8","4.5","85;192;302;26;219","-74.79;-81.37;-81.70;-85.96;-116.42","578.42","538.96","544.07","1286","6.9","24.61","244.16","4","112.32","98.81","100.03","552","10.45","20.24","246","1","19","25","",""
"948",2024/3/1 13:30:30,"316","119.83176","31.70941","56.01","79","44","-78.33","4.05","85;192;302;26;219;97","-74.87;-80.24;-81.42;-85.54;-118.47;-127.09","578.03","538.91","542.34","1284","5.06","25.02","247.11","4","114.45","101.88","102.7","552","10.16","20.6","246","1","19","25","",""
"949",2024/3/1 13:30:31,"316","119.83171","31.70953","55.5","79","44","-78.95","2.68","85;192;302;26;219;97","-76.05;-78.85;-81.63;-84.68;-117.29;-155.98","575.23","535.55","540.63","1284","6.51","25.1","243.8","4","115.01","102.07","102.98","552","10.27","20.61","246","1","19","25","",""
"950",2024/3/1 13:30:32,"315","119.83166","31.70964","54.9","79","44","-78.38","2.85","85;192;302;26;219;97","-78.82;-80.09;-80.90;-90.94;-116.96;-123.80","578.14","541.79","549.24","1284","6.77","24.94","243.97","4","115.83","102.55","103.91","552","10.2","20.61","246","1","19","25","",""
"951",2024/3/1 13:30:33,"315","119.83159","31.70977","55.68","79","44","-79.85","0.48","192;302;85;26;219;97","-78.00;-80.52;-84.02;-87.81;-117.70;-123.80","577.92","542.88","546.04","1284","4.6","25.52","242.7","4","114.9","101.99","102.82","552","9.81","19.93","246","1","19","25","",""
"952",2024/3/1 13:30:34,"315","119.83153","31.70989","54.96","79","44","-80.33","0","192;302;85;26;219;97","-78.09;-80.40;-84.79;-94.55;-117.31;-124.48","578.89","543.33","549.36","1286","6.53","25.19","241.6","4","113.1","100.13","100.62","552","11.65","19.45","246","1","21","25","",""
"953",2024/3/1 13:30:35,"315","119.83148","31.70999","54.62","79","44","-81.85","0.17","192;302;85;26;219;97","-79.60;-80.42;-85.55;-88.02;-120.16;-124.20","580.44","550.04","552.48","1284","3.85","25.66","243.14","4","110.93","97.2","97.29","552","13.02","19.48","246","1","19","25","",""
"954",2024/3/1 13:30:36,"314","119.83142","31.71011","54.46","79","44","-81.76","1.53","302;192;85;26;219;97","-79.70;-83.27;-86.16;-88.80;-117.18;-123.99","584.8","558.83","561.32","1284","3.64","25.73","245.21","4","110.45","95.11","96.15","552","12.86","19.57","246","1","20","25","",""
"955",2024/3/1 13:30:37,"315","119.83137","31.71023","55.13","79","44","-83.53","-0.15","302;192;85;26;219;97","-79.63;-81.33;-86.97;-89.09;-115.40;-155.98","588.31","568.26","571.26","1284","3.01","25.81","244.29","4","110.29","95.52","96.29","552","10.53","19.3","246","1","21","25","",""
"956",2024/3/1 13:30:38,"314","119.83132","31.71035","55.8","79","44","-84.48","1.15","302;192;85;26;219","-80.17;-80.23;-86.78;-89.66;-117.59","589.75","564.12","567.31","1284","6.89","25.61","242.73","4","110.3","96.15","97.29","552","11.42","19.39","246","1","20","25","",""
"957",2024/3/1 13:30:39,"314","119.83128","31.71046","55.54","79","44","-77.85","8.38","192;302;85;56;26;219;97","-78.88;-80.16;-84.69;-87.88;-89.53;-114.72;-127.93","588.71","555.76","560.06","1277","7.84","25.69","242.63","4","108.12","94.64","95.48","552","10.77","19.04","246","1","19","25","",""
"958",2024/3/1 13:30:40,"314","119.83124","31.71057","55.26","79","44","-78.1","8.17","192;85;302;56;26;128;219;97","-76.54;-80.10;-80.66;-88.30;-89.70;-92.70;-110.62;-155.98","588.67","560.4","562.72","1282","1.63","26","244.14","4","108.54","94.54","95.54","552","12.18","19.42","246","1","20","25","",""
"959",2024/3/1 13:30:41,"314","119.8312","31.7107","55.58","79","44","-78.47","9.14","192;85;302;26;56;128;219","-75.20;-78.62;-81.31;-90.11;-91.02;-94.10;-116.81","592.85","553.18","555.13","1281","11.49","25.34","242.26","4","108.01","95.7","95.29","552","10.58","19.29","246","1","22","25","",""
"960",2024/3/1 13:30:42,"312","119.83116","31.71082","55.19","79","192","-78.42","10.53","44;85;302;56;26;128;219;97","-79.06;-79.14;-82.45;-90.13;-90.84;-95.16;-117.29;-124.40","569.68","561.07","536.52","1280","5.19","21.49","241.91","4","107.1","93.74","94.4","552","12.23","19.89","245.03","1","21","25","",""
"961",2024/3/1 13:30:43,"313","119.83113","31.71094","54.99","79","192","-73.32","7.4","44;85;302;56;26;128;219;97","-79.70;-80.04;-83.05;-87.41;-91.68;-97.41;-118.25;-124.40","531.22","454.8","489.53","1277","7.31","16.68","240.07","4","112","98.54","99.35","551","10.06","22.14","246","1","19","25","",""
"962",2024/3/1 13:30:44,"313","119.83111","31.71106","54.58","79","192","-73.12","7.18","44;85;302;56;26;128;219;97","-79.73;-79.83;-82.92;-86.06;-89.48;-94.88;-120.48;-121.36","513.74","479.1","480.33","1277","9.89","19.28","239.73","3.16","118.98","105.58","106.43","551","9.02","23","246","1","19","25","",""
"963",2024/3/1 13:30:45,"313","119.83108","31.71118","55.21","79","192","-72.64","5.92","44;85;302;56;26;219;97","-80.93;-81.17;-83.93;-85.91;-89.27;-118.32;-155.98","547.3","526.83","519.32","1277","1.54","22.92","244.58","3","129.32","117.08","116.51","551","9.81","23.25","246","1","19","25","",""
"964",2024/3/1 13:30:46,"312","119.83107","31.7113","54.7","79","192","-72.57","7.7","44;85;302;56;219","-79.21;-80.96;-84.39;-86.91;-118.85","585.63","540.55","538.84","1277","13.08","24.05","242.94","3.25","132.95","118.14","119.37","551","10.46","23.43","246","1","19","25","",""
"965",2024/3/1 13:30:47,"312","119.83106","31.71141","53.89","79","192","-72.57","7.37","44;85;302;56;219;97","-79.40;-79.71;-83.68;-86.25;-117.95;-122.88","604.74","572.15","573.54","1277","0.31","26.68","245.64","3.53","135.13","119.53","120.72","551","10.72","23.68","246","1","19","25","",""
"966",2024/3/1 13:30:48,"312","119.83105","31.71153","53.61","79","192","-72.7","6.45","44;85;302;56;147;219;97","-79.63;-80.16;-83.20;-84.95;-93.38;-114.77;-121.48","616.86","587.73","589.2","1277","0.07","26.88","246.28","4","136.44","121.14","121.93","551","10.32","23.77","246","1","19","25","",""
"967",2024/3/1 13:30:49,"312","119.83102","31.71166","54.45","79","192","-73.28","5.81","44;85;302;56;26;147;219;97","-80.21;-80.38;-83.09;-86.42;-90.49;-93.94;-119.84;-123.70","615.63","609.53","614.91","1277","0.08","27","244.11","3.76","138.15","123.68","124.26","551","9.05","24.11","246","1","19","25","",""
"968",2024/3/1 13:30:50,"312","119.831","31.71178","54.72","79","192","-73.65","5.71","44;85;302;56;26;147;219;97","-80.81;-81.66;-83.23;-85.34;-92.86;-94.77;-119.69;-123.70","616.59","611.42","613.78","1277","1.13","26.79","246.73","3.25","139.69","125.03","126.08","551","10","24.2","246","1","19","25","",""
"969",2024/3/1 13:30:51,"312","119.83098","31.71191","54.39","79","192","-74.5","5.78","44;302;85;56;147;219;97","-81.38;-83.51;-83.55;-86.79;-95.46;-120.89;-155.98","615.94","608.66","612.85","1277","0.17","26.99","244.44","3.46","140.91","126.49","127.33","551","9.44","24.4","246","1","19","25","",""
"970",2024/3/1 13:30:52,"312","119.83097","31.71203","53.99","79","192","-75.53","6.19","302;44;56;85;159;219;147","-83.08;-83.09;-85.80;-86.16;-87.23;-117.31;-130.72","617.26","608.21","612.77","1277","0.93","26.64","245.74","3.16","141.76","127.27","127.76","551","9.63","24.51","246","1","19","25","",""
"971",2024/3/1 13:30:53,"312","119.83096","31.71215","53.98","79","192","-69.75","12.18","44;302;56;159;85;147;219;97","-82.42;-84.83;-85.00;-87.26;-92.13;-98.01;-117.21;-121.95","614.41","606.98","611","1281","0.82","26.79","243.62","3.53","141.98","126.5","127.84","551","10.45","24.41","246","1","19","25","",""
"972",2024/3/1 13:30:54,"312","119.83094","31.71227","54.27","79","192","-69.62","12.47","302;56;44;159;85;147;219;97","-82.34;-84.68;-85.42;-86.70;-90.74;-95.77;-116.91;-122.02","611.8","600.57","604.18","1283","2.95","26.11","241.71","3.25","142.02","126.52","127.87","551","9.63","24.47","246","1","19","25","",""
"973",2024/3/1 13:30:55,"312","119.83092","31.71239","54","79","192","-69.55","12.84","302;44;56;159;50;147;219;97","-83.26;-83.97;-85.10;-89.56;-91.34;-98.11;-116.93;-155.98","611.85","597.59","601.56","1283","2.1","26.71","244.93","3","141.89","126.67","127.74","551","9.5","24.35","246","1","19","25","",""
"974",2024/3/1 13:30:56,"312","119.83092","31.7125","53.53","79","192","-69.4","13.27","302;56;44;159;50;128;147;219;97","-82.38;-84.58;-85.15;-89.26;-91.50;-93.88;-99.92;-116.52;-124.55","612","598.28","599.81","1281","1.8","26.91","243.89","3","141.99","127.41","127.94","551","10.27","24.34","246","1","19","25","",""
"975",2024/3/1 13:30:57,"312","119.83091","31.71261","53.53","79","192","-69.88","13.94","302;56;44;159;50;128;219;97","-83.09;-85.09;-85.78;-87.71;-87.86;-93.80;-117.81;-120.89","615.55","594.76","600.37","1281","4.22","26.52","242.68","3","140.62","125.99","127.04","551","9.7","23.87","246","1","19","25","",""
"976",2024/3/1 13:30:58,"311","119.83092","31.71273","54.02","79","192","-69.86","14.01","302;56;44;159;128;50;219;97","-84.34;-84.36;-86.81;-91.10;-93.27;-110.70;-118.39;-124.60","615.71","600.03","603.12","1283","1.09","26.91","245.01","3","139.16","123.32","124.78","551","10.9","23.53","246","1","19","25","",""
"977",2024/3/1 13:30:59,"311","119.83091","31.71285","53.44","79","192","-70.62","14.16","302;56;44;159;128;50;219;97","-83.43;-84.51;-87.66;-88.42;-93.94;-94.64;-118.30;-124.03","617.83","597.55","602.22","1281","2.83","26.79","247.14","3","136.06","120.97","122.47","551","9.68","23.35","246","1","19","25","",""
"978",2024/3/1 13:31:00,"311","119.83092","31.71297","52.96","79","192","-70.82","13.18","56;302;44;159;128;219;97;171","-83.55;-86.02;-88.44;-88.70;-94.24;-120.59;-121.35;-132.05","617.76","602.18","604.66","1283","3.68","26.71","242.54","3","134.73","120.26","120.9","551","10.27","23.43","246","1","19","25","",""
"979",2024/3/1 13:31:01,"312","119.83093","31.71308","52.53","79","192","-71.03","13.17","56;302;44;128;171;159;219;97","-81.92;-84.95;-90.16;-93.79;-94.15;-103.24;-117.52;-124.57","617.73","592.71","596.61","1283","4.59","26.61","244.6","3","133.92","118.78","120.17","551","9.83","23.25","246","1","19","25","",""
"980",2024/3/1 13:31:02,"312","119.83094","31.71319","51.55","79","192","-71.62","13.19","56;302;171;159;44;128;219;97","-80.21;-86.95;-89.44;-89.86;-91.10;-92.83;-119.27;-122.91","614.87","590.29","593.47","1283","2.51","26.91","244.08","3","133.92","119.4","120","551","9.34","23.24","246","1","19","25","",""
"981",2024/3/1 13:31:03,"311","119.83094","31.71331","51.77","79","192","-71.91","10.94","56;302;44;159;128;171;219;97","-79.42;-87.15;-89.27;-89.34;-90.55;-94.52;-115.33;-123.10","613.97","588.1","592.16","1281","4.21","26.42","242.34","3.75","133.36","118.63","120.13","551","9.09","23.25","246","1","19","25","",""
"982",2024/3/1 13:31:04,"312","119.83096","31.71342","51.33","79","192","-72.53","11.17","56;302;147;171;128;44;219;97;159","-79.39;-87.16;-88.00;-88.09;-91.32;-94.64;-118.93;-126.46;-138.66","614.06","593.42","600.62","1281","1.17","26.9","243.98","3.58","132.97","119.75","120.09","551","9.17","23.23","246","1","19","25","",""
"983",2024/3/1 13:31:05,"312","119.83098","31.71352","50.54","79","192","-72.71","12.58","56;171;147;302;159;128;44;219;97","-78.51;-86.48;-88.15;-88.43;-89.40;-90.62;-91.83;-116.48;-121.57","613.58","596.32","600.14","1281","2.12","26.89","245.59","3.92","133.31","119","120.51","551","9.2","23.23","246","1","19","25","",""
"984",2024/3/1 13:31:06,"314","119.83099","31.71365","50.92","79","192","-72.89","12.6","56;302;147;128;171;159;219;97","-77.99;-87.00;-89.14;-89.95;-90.89;-91.39;-113.64;-121.25","617.23","605.04","609.53","1279","1.55","26.95","246.1","4","133","119.51","120.38","551","8.97","23.27","246","1","19","25","",""
"985",2024/3/1 13:31:07,"314","119.83101","31.71376","50.96","79","192","-73.39","12.44","56;302;128;159;147;171;219;97","-78.05;-88.37;-89.20;-90.95;-96.59;-104.83;-117.38;-120.70","616.71","599.41","604.2","1279","3.27","26.68","243.68","4","133.33","119.4","120.53","551","9.47","23.23","246","1","19","25","",""
"986",2024/3/1 13:31:08,"315","119.83105","31.71387","50.93","79","192","-74.87","10.84","56;128;159;302;171;219;97;147","-77.59;-89.00;-89.39;-90.12;-91.20;-117.79;-120.70;-133.74","617.47","603.09","607.19","1281","0.94","26.91","245.04","4","133.08","119.42","120.1","551","9.58","23.2","246","1","19","25","",""
"987",2024/3/1 13:31:09,"315","119.83109","31.714","51.5","79","192","-75.54","9.94","56;171;159;128;302;219;97;147","-77.66;-87.77;-88.02;-88.66;-88.71;-117.67;-121.33;-133.74","613.21","598.82","599.79","1281","3.11","25.9","242.91","4","132.94","118.13","119.6","551","9.43","23.15","246","1","19","25","",""
"988",2024/3/1 13:31:10,"315","119.83112","31.71411","51.18","79","192","-76.42","10.2","56;171;159;128;302;219;97","-77.67;-88.18;-88.27;-88.31;-89.02;-117.23;-121.33","611.9","601.94","604.22","1283","0.38","26.95","243.5","4","132.63","117.67","118.81","551","10.7","23.11","246","1","19","25","",""
"989",2024/3/1 13:31:11,"315","119.83115","31.71422","51.6","79","192","-77.26","7.89","56;159;128;171;302;219;97","-77.98;-87.07;-88.59;-89.21;-89.92;-115.20;-120.21","611.87","597.77","603.61","1283","1.75","26.75","244.79","4","130.59","115.49","117.03","551","9.73","22.42","246","1","19","25","",""
"990",2024/3/1 13:31:12,"315","119.83118","31.71433","51.28","79","192","-78.35","7.57","56;159;171;128;302;219;97","-77.59;-86.68;-88.52;-89.10;-89.34;-110.03;-123.68","615.93","604.06","607.3","1279","1.88","26.83","244.99","4","127.97","114.27","114.75","551","9.32","22.21","246","1","19","25","",""
"991",2024/3/1 13:31:13,"316","119.8312","31.71445","51.72","79","192","-78.92","7.52","56;159;171;302;219;97","-77.61;-86.79;-88.95;-89.25;-112.28;-122.05","618.69","604.75","609.84","1279","0.46","26.95","246.88","4","125.97","111.17","113.08","551","10.32","22.02","246","1","19","25","",""
"992",2024/3/1 13:31:14,"315","119.83123","31.71456","51.44","79","192","-79.63","6.21","56;159;302;171;44;147;219;97","-77.52;-86.93;-88.42;-88.82;-90.64;-93.23;-113.91;-120.97","618.57","605.01","607.99","1283","2.58","26.62","244.39","4","123.36","110.6","110.61","551","10.27","21.43","246","1","19","25","",""
"993",2024/3/1 13:31:15,"315","119.83127","31.71468","51.7","79","192","-80.45","6.23","56;159;171;147;44;219;97;302","-77.38;-88.27;-89.95;-91.92;-93.15;-111.66;-120.97;-133.16","618.64","606.93","611.38","1283","0.46","26.81","244.79","3.66","120.04","106.7","107.56","551","9.63","20.46","246","1","19","25","",""
"994",2024/3/1 13:31:16,"316","119.83133","31.71478","52.13","79","192","-81.17","5.04","56;159;302;171;147;44;219;97","-77.86;-87.91;-88.19;-90.03;-90.93;-108.89;-112.34;-119.15","616.39","606.73","609.42","1281","0.54","26.91","244.43","3.15","116.72","104.2","105.05","551","10.14","20.38","246","1","19","25","",""
"995",2024/3/1 13:31:17,"315","119.83136","31.71489","51.81","79","192","-75.95","9.22","56;159;147;44;128;171;219;97;302","-78.71;-85.66;-89.07;-89.98;-91.39;-92.73;-113.95;-118.17;-133.97","616.55","604.87","611.01","1281","2.02","26.68","244.73","3.15","114.21","101.57","102.58","551","10.38","19.91","246","1","19","25","",""
"996",2024/3/1 13:31:18,"315","119.83141","31.71499","51.9","79","192","-75.81","10.46","56;159;147;171;128;44;219;97;302","-78.77;-86.54;-88.80;-89.13;-89.65;-90.67;-113.00;-118.17;-153.90","615.31","605.28","608.8","1279","0.93","26.72","244.21","3","112.75","100.22","100.95","551","10.27","19.65","246","1","19","25","",""
"997",2024/3/1 13:31:19,"315","119.83146","31.71511","51.94","79","192","-74.55","11.7","56;159;128;147;44;219;97;302","-78.52;-85.88;-89.27;-89.79;-92.78;-110.35;-120.73;-154.22","615.77","604.18","608.24","1279","0.86","26.97","245.48","3","112.98","100.91","101.56","551","9.63","20.41","246","1","19","25","",""
"998",2024/3/1 13:31:20,"314","119.83151","31.71524","52.23","79","192","-74.5","9.94","56;159;147;44;128;219;97","-79.38;-85.59;-86.63;-89.85;-91.37;-112.20;-120.57","614.91","603.82","607.21","1279","2.12","26.76","244.33","3","113.39","101.32","101.47","551","10.62","20.36","246","1","19","25","",""
"999",2024/3/1 13:31:21,"314","119.83156","31.71536","52.82","79","192","-74.8","9.24","56;147;159;44;128;219;97","-80.20;-83.58;-84.44;-86.83;-88.80;-113.99;-122.56","615.15","602.13","606.05","1279","1.62","26.75","244.49","3","113.53","100.58","101.11","551","11.09","19.65","246","1","19","25","",""
"1000",2024/3/1 13:31:22,"314","119.83161","31.71547","53.1","79","192","-74.64","9.06","56;147;159;44;128;219;97","-80.74;-82.91;-83.46;-85.85;-89.83;-114.50;-119.50","615.24","603.43","606.91","1280","0.47","26.93","245.35","3","112.8","99.07","100.12","551","11","20.05","246","1","19","25","",""
"1001",2024/3/1 13:31:23,"314","119.83167","31.71559","53.49","79","192","-74.64","9.83","56;147;159;26;44;219;97","-81.09;-82.35;-82.46;-89.29;-89.76;-115.70;-121.50","617.45","603.62","608.27","1280","2.33","26.69","245.23","3","112.62","98.62","100.33","551","10.2","20.08","246","1","19","25","",""
"1002",2024/3/1 13:31:24,"315","119.83174","31.71569","54.09","79","192","-74.25","9.72","159;56;147;44;26;219;97","-81.09;-81.62;-82.46;-87.51;-90.48;-115.59;-121.50","619.17","608.49","611.6","1280","0.78","26.88","247.44","3.18","113.2","100.77","101.44","551","9.54","20.05","246","1","19","25","",""
"1003",2024/3/1 13:31:25,"315","119.83181","31.71581","54.49","79","192","-74.54","9.14","159;56;147;26;44;219;97","-80.30;-81.83;-82.78;-87.27;-104.30;-114.42;-119.58","619.93","604.59","610.22","1279","1.98","26.93","245.06","3.5","113.4","101.61","102.2","551","9.05","20.1","246","1","19","25","",""
"1004",2024/3/1 13:31:26,"314","119.83187","31.71594","56.13","79","192","-74.56","8.6","159;147;56;26;44;219;97","-80.25;-82.42;-84.87;-86.81;-88.20;-113.82;-120.98","620.37","605.18","608.66","1279","3.93","26.7","245.71","3.66","113.1","101.5","102.04","551","9.72","20.1","246","1","19","25","",""
"1005",2024/3/1 13:31:27,"315","119.83193","31.71605","55.37","79","192","-74.35","8.51","159;147;56;26;44;219;97","-80.15;-82.60;-84.52;-86.16;-88.33;-112.73;-120.11","618.69","600.5","604.58","1279","2.02","26.81","246.01","4","113.72","101.74","102.61","551","9.72","20.27","246","1","19","25","",""
"1006",2024/3/1 13:31:28,"314","119.832","31.71617","55.85","79","192","-74.57","8.77","159;147;26;56;44;219;97","-78.79;-80.90;-86.06;-87.07;-88.31;-114.15;-121.11","614.65","592.58","594.16","1280","5.32","26.33","243.11","4","113.61","101.7","102.36","551","9.63","20.02","246","1","19","25","",""
"1007",2024/3/1 13:31:29,"315","119.83207","31.71627","56.22","79","192","-74.82","7.73","159;147;26;56;44;219;97","-78.27;-81.90;-85.96;-86.64;-89.07;-115.78;-119.21","611.66","588.03","592.72","1280","3.03","26.6","245.21","4","113","100.99","101.79","551","9.63","19.66","246","1","19","25","",""
"1008",2024/3/1 13:31:30,"314","119.83214","31.71639","56.42","79","192","-74.67","7.76","159;147;26;56;44;219;97","-78.37;-80.00;-84.95;-86.18;-91.56;-115.45;-118.97","609.33","581.15","584.24","1280","5.05","26.39","245.6","4","112.13","100.34","100.98","551","9.83","19.81","246","1","19","25","",""
"1009",2024/3/1 13:31:31,"313","119.83221","31.71651","57.35","79","192","-74.46","8.27","159;147;26;56;44;219;97","-77.82;-79.38;-85.36;-86.01;-91.11;-114.45;-118.99","609.74","581.57","585.41","1280","5.14","26.47","244.73","4","111.92","98.69","100.56","551","10.72","19.76","246","1","19","25","",""
"1010",2024/3/1 13:31:32,"314","119.83229","31.71661","56.46","79","192","-74.98","8.75","159;147;56;26;219;97","-76.38;-79.72;-84.33;-85.33;-113.86;-119.98","607.04","570.22","570.97","1280","9.06","26.06","243.14","4","111.19","98.35","98.9","551","11.75","19.42","246","1","20","25","",""
"1011",2024/3/1 13:31:33,"314","119.83236","31.71672","56.76","79","192","-74.61","9.59","159;147;56;26;128;219;97","-76.04;-78.91;-84.80;-85.66;-95.90;-113.66;-117.84","603.26","560.8","564.87","1280","5.43","26.14","243.96","4","110.66","96.72","98.05","551","10.66","19.44","246","1","22","25","",""
"1012",2024/3/1 13:31:34,"314","119.83244","31.71682","56.46","79","192","-74.35","9.73","159;147;26;56;128;219;97","-78.06;-79.83;-84.49;-84.59;-97.48;-115.41;-119.09","598.92","554.25","558.05","1280","6.52","25.87","243.11","4","110.68","98.11","98.4","551","9.87","19.77","246","1","19","25","",""
"1013",2024/3/1 13:31:35,"314","119.83252","31.71692","56.15","79","192","-74.35","9.2","159;147;56;26;128;219;97","-76.66;-79.79;-83.44;-84.83;-97.41;-110.71;-119.18","596.27","561.21","566.88","1279","4.53","26.03","245.77","4","111.3","98.08","99.08","551","11.27","19.64","246","1","19","25","",""
"1014",2024/3/1 13:31:36,"315","119.8326","31.71702","55.59","79","192","-74.5","8.51","159;147;56;26;219;97","-76.39;-77.73;-83.30;-84.04;-109.63;-117.71","593.57","559.54","560.93","1278","7.15","25.67","243.95","4","111.07","98.06","98.69","551","11.19","19.44","246","1","22","25","",""
"1015",2024/3/1 13:31:37,"315","119.83269","31.71712","55.08","79","192","-74.47","8.82","159;147;56;26;219;97","-77.50;-80.13;-83.67;-84.39;-114.34;-120.27","592.27","558.87","563.24","1279","5.22","25.87","244.4","4","110.75","96.57","97.54","551","12.45","19.57","246","1","21","25","",""
"1016",2024/3/1 13:31:38,"315","119.83277","31.71722","55.71","79","192","-74.46","8.31","159;147;26;56;219;97","-77.64;-78.35;-84.05;-85.04;-112.98;-119.63","589.75","556.88","555.1","1279","7.08","25.37","246.2","4","110.82","96.64","97.18","551","12.36","19.48","246","1","21","25","",""
"1017",2024/3/1 13:31:39,"315","119.83285","31.71731","54.65","79","192","-74.71","7.34","147;159;26;56;219;97","-77.58;-78.44;-83.76;-84.42;-114.83;-119.65","588.07","555.26","557.71","1279","4.87","25.63","245.15","4","110.59","96.15","97.04","551","11.17","19.52","246","1","19","25","",""
"1018",2024/3/1 13:31:40,"314","119.83294","31.71741","54.7","79","192","-74.67","7.33","147;159;56;26;85;219;97","-77.98;-78.41;-82.77;-83.80;-95.48;-112.19;-118.70","587.56","549.33","558.05","1280","6.39","25.57","243.65","4","110.78","96.47","97.44","551","12.18","19.51","246","1","22","25","",""
"1019",2024/3/1 13:31:41,"315","119.83302","31.7175","53.75","79","192","-74.91","7.22","147;159;56;26;128;85;219;97","-76.32;-79.51;-82.64;-83.75;-86.66;-93.56;-114.08;-119.89","584.41","549.38","555.36","1280","6.04","25.6","243.72","4","110.51","95.96","97.19","551","11.37","19.47","246","1","22","25","",""
"1020",2024/3/1 13:31:42,"315","119.83312","31.71758","53.56","79","192","-74.64","6.85","147;159;56;26;128;85;219;97","-75.98;-79.38;-82.13;-84.30;-85.89;-94.91;-114.55;-116.79","585.81","545.29","550.61","1279","6.6","25.58","244.88","3.91","110.73","97.27","97.77","551","10.36","19.53","246","1","21","25","",""
"1021",2024/3/1 13:31:43,"316","119.83321","31.71767","53.78","79","192","-74.97","6.51","147;159;56;128;26;85;219;97","-75.36;-80.80;-81.08;-84.48;-85.41;-92.42;-113.46;-115.29","584.62","541.18","547.53","1280","7.43","25.43","244.28","4","110.5","96.27","97.65","551","11.55","19.55","246","1","19","25","",""
"1022",2024/3/1 13:31:44,"315","119.83331","31.71775","53.07","79","192","-74.98","6.38","147;56;159;26;128;85;219;97","-75.93;-80.60;-80.70;-85.36;-89.18;-93.41;-114.85;-118.19","582.26","539.2","542.69","1280","6.09","25.51","245.02","4","110.79","97.66","98.22","551","10.54","19.5","246","1","21","25","",""
"1023",2024/3/1 13:31:45,"315","119.83339","31.71782","52.03","79","192","-75.2","5.57","147;56;159;26;128;85;219;97","-76.06;-79.95;-80.38;-84.56;-92.70;-93.65;-114.04;-118.19","578.07","533.18","537","1280","7.48","25.23","243.27","3.92","110.5","97.01","97.77","551","10.45","19.35","246","1","22","25","",""
"1024",2024/3/1 13:31:46,"315","119.83349","31.71791","51.8","79","192","-75.46","5.18","147;159;56;26;128;219;97","-76.00;-80.31;-80.34;-84.63;-89.70;-114.97;-119.73","572.77","529.6","533.98","1280","7.17","24.98","242.85","4","110.25","97.45","97.87","551","10.54","19.27","246","1","22","25","",""
"1025",2024/3/1 13:31:47,"315","119.83358","31.71799","51.49","79","192","-76.1","4.73","147;56;159;26;219;97","-75.74;-80.00;-82.34;-84.10;-113.89;-120.73","570.91","526.8","531.62","1280","7.15","25.36","244.73","3.84","109.54","95.97","97.24","551","10.62","19.23","246","1","22","25","",""
"1026",2024/3/1 13:31:48,"315","119.83369","31.71807","51.28","79","192","-76.46","3.71","147;56;159;26;128;219;97","-76.83;-80.52;-80.80;-82.82;-85.05;-115.16;-118.88","566.63","526.76","530.98","1278","6.63","24.77","243.98","3.83","109.57","96.36","97.5","551","9.81","19.2","246","1","22","25","",""
"1027",2024/3/1 13:31:49,"315","119.83378","31.71816","51.16","79","192","-77.67","3.44","147;159;56;26;128;219;97","-77.04;-79.23;-80.84;-82.71;-85.93;-116.19;-120.94","557.39","515.69","517.72","1278","9.83","23.7","242.8","4","109.03","96.55","97.06","551","11.17","19.23","246","1","22","25","",""
"1028",2024/3/1 13:31:50,"314","119.83387","31.71824","51.15","79","192","-77.8","2.71","147;159;56;26;128;219;97","-77.35;-78.18;-80.78;-81.88;-86.83;-111.38;-118.95","539.91","493.65","500.72","1278","7.85","23.57","245.11","3.92","108.64","97.09","97.58","551","9.42","19.17","246","1","22","25","",""
"1029",2024/3/1 13:31:51,"314","119.83398","31.71832","50.97","79","192","-78.59","2.4","147;159;56;26;128;219;97","-77.80;-78.74;-80.89;-81.49;-88.18;-111.88;-121.01","525.75","481.88","486.72","1278","8.02","22.96","244.09","4","107.8","95.78","97.09","551","9.9","19.19","246","1","22","25","",""
"1030",2024/3/1 13:31:52,"314","119.83409","31.71841","51.65","79","192","-78.64","2.96","147;159;26;56;219;97","-78.08;-78.83;-80.82;-81.80;-115.86;-121.12","518.45","478.29","484.89","1278","8.58","22.93","245.24","4","107.67","96.83","97.7","551","9.61","19.18","246","1","22","25","",""
"1031",2024/3/1 13:31:53,"314","119.83419","31.71848","51.82","79","192","-79.56","0.32","159;147;26;56;219;97","-77.82;-78.44;-80.72;-81.63;-114.51;-120.47","507.81","469","473.13","1278","9.36","22.55","242.96","3.92","107.4","96.61","97.11","551","10.27","19.17","246","1","22","25","",""
"1032",2024/3/1 13:31:54,"314","119.83429","31.71856","51.83","79","192","-80.21","-0.46","159;147;26;56;219;97","-77.43;-78.41;-81.22;-81.29;-114.67;-119.57","500.66","462.87","465.39","1279","8.11","22.18","243.82","4","107.71","96.28","97.14","551","10.74","19.17","246","1","22","25","",""
"1033",2024/3/1 13:31:55,"313","119.83442","31.71865","52.36","79","192","-80.32","-1.97","159;147;26;56;219;97","-77.63;-79.03;-80.32;-81.42;-112.65;-118.82","492.87","454.85","457.47","1279","8.06","22.29","242.07","4","107.45","95.88","96.8","551","9.7","19.18","246","1","22","25","",""
"1034",2024/3/1 13:31:56,"315","119.83454","31.71873","54.09","79","192","-80.3","-2.83","159;147;26;56;219;97","-76.13;-78.69;-78.83;-80.88;-116.49;-122.58","493.91","460.42","460.93","1279","6.99","22.73","242.45","4","107.7","96.18","97.26","551","9.98","19.18","246","1","22","25","",""
"1035",2024/3/1 13:31:57,"314","119.83467","31.71881","55.23","79","192","-80.08","-3.99","159;147;26;56;219;97","-76.71;-77.47;-78.43;-80.13;-115.09;-120.32","497.28","460.51","463.17","1278","8.89","22.44","242.5","4","107.41","96.49","97.12","551","9.54","19.18","246","1","22","25","",""
"1036",2024/3/1 13:31:58,"314","119.8348","31.71888","55.58","79","192","-80.46","-3.31","159;147;26;56;219;97","-77.37;-77.45;-78.61;-83.05;-114.11;-120.68","499.38","462.04","466.86","1279","7.95","22.53","242.4","4","107.63","96.31","97.1","551","10.72","19.19","246","1","22","25","",""
"1037",2024/3/1 13:31:59,"314","119.83492","31.71896","56.1","79","192","-80.59","-3.01","147;159;26;56;219;97","-76.80;-78.30;-78.69;-80.62;-113.68;-123.45","498.03","459.47","463.08","1279","8.8","22.29","242.08","4","107.46","95.41","96.68","551","10.45","19.14","246","1","22","25","",""
"1038",2024/3/1 13:32:00,"315","119.83505","31.71903","56.99","79","192","-80.94","-4.49","147;26;159;56;219;97","-76.20;-77.50;-78.93;-83.57;-111.34;-118.95","489.55","447.81","452.94","1279","9.28","21.56","241.62","4","107.89","96.42","97.16","551","9.45","19.07","246","1","21","25","",""
"1039",2024/3/1 13:32:01,"315","119.83519","31.71909","57.45","79","192","-81.83","-4.48","147;26;159;56;219;97","-76.64;-78.69;-80.69;-81.13;-112.94;-117.50","480.17","432.58","436.41","1279","12.58","20.88","243.53","4","107.7","96.32","97.13","551","9.9","19.05","246","1","22","25","",""
"1040",2024/3/1 13:32:02,"315","119.83533","31.71915","57.61","79","147","-81.9","-6.26","26;159;192","-77.98;-79.16;-80.34","468.62","420.96","423.1","1279","10.68","20.69","240.98","4","107.78","96.88","97.28","551","10.62","19.03","246","1","22","25","",""
"1041",2024/3/1 13:32:03,"315","119.83547","31.7192","57.03","79","159","-75.11","12.16","147;56;192;219;97","-77.52;-82.06;-84.94;-118.38;-123.67","402.7","254.6","361.23","1111","28.14","6.39","227.81","4","78.34","69.6","70.89","477","12.84","23.2","234.3","1","19","23","",""
"1042",2024/3/1 13:32:04,"315","119.83561","31.71926","57.95","79","159","-74.64","12.28","147;171;26;192;56;219;97","-76.17;-79.16;-80.80;-84.34;-88.70;-118.40;-123.67","305.44","223.29","248.31","1286","13","10.65","237.99","3.83","87.86","74.35","79.53","552","10","23.4","246","1","19","21","",""
"1043",2024/3/1 13:32:05,"315","119.83576","31.71931","58.94","79","159","-74.64","12.17","147;26;171;56;192;179;85;219;97","-77.49;-78.35;-79.43;-83.42;-84.56;-84.71;-91.36;-118.91;-125.73","332.11","297.1","283.29","1288","10.5","12.43","238.18","4","128.38","101.66","115.35","552","10.05","23.28","246","1","19","21","",""
"1044",2024/3/1 13:32:06,"315","119.8359","31.71935","58.76","79","159","-74.53","10.95","147;26;171;192;56;179;85;219;97","-77.13;-78.03;-79.93;-85.12;-85.15;-88.62;-90.68;-117.41;-155.98","385.67","365.97","352.58","1288","3.88","16.94","242.63","4","134.96","119.42","121.32","552","9.28","23.59","246","1","19","21","",""
"1045",2024/3/1 13:32:07,"314","119.83605","31.71942","58.72","79","159","-74.66","10.27","147;171;26;56;192;70;179;85;219","-77.12;-78.73;-80.10;-83.13;-85.78;-88.80;-90.33;-90.91;-118.34","453.85","436.3","434.22","1286","2.11","24.65","242.85","4","135.64","120.21","121.44","552","10.64","23.78","246","1","19","21","",""
"1046",2024/3/1 13:32:08,"314","119.8362","31.71947","59.44","79","159","-75.2","9.7","147;171;26;192;56;70;85;179;219","-77.68;-78.16;-79.09;-84.98;-86.26;-87.96;-89.61;-90.33;-121.55","521.24","505.73","506.53","1286","4.13","23.89","243.7","4","136.34","120.85","122.24","552","9.83","23.38","246","1","19","22","",""
"1047",2024/3/1 13:32:09,"313","119.83636","31.71953","60.29","79","159","-75.64","8.25","147;26;171;56;192;70;219","-76.34;-78.82;-79.02;-83.32;-84.58;-86.64;-119.42","567.21","540.35","545.51","1284","6.56","20.52","240.58","4","135.93","121.27","121.56","552","10.03","23.56","246","1","19","22","",""
"1048",2024/3/1 13:32:10,"312","119.83651","31.71958","59.76","79","159","-76.26","8.41","147;171;26;70;192;56;97;219","-77.04;-79.36;-80.24;-84.71;-86.54;-87.81;-122.52;-122.73","573.25","541.77","545.23","1284","7.25","18.68","244.32","4","135.73","120.68","121.81","552","10.56","23.56","246","1","19","21","",""
"1049",2024/3/1 13:32:11,"314","119.83666","31.71963","60.72","79","159","-76.89","7.13","147;171;192;56;70;219;26;97","-77.43;-79.52;-85.41;-86.81;-87.80;-122.63;-138.70;-155.98","566.49","527.07","532.14","1286","8.56","18.35","240.25","4","135.48","121.22","121.82","552","9.28","23.42","246","1","19","20","",""
"1050",2024/3/1 13:32:12,"313","119.8368","31.71968","59.83","79","159","-77.53","6.09","147;171;70;56;192;26;219;97","-78.56;-79.17;-86.27;-86.68;-87.23;-93.05;-123.27;-126.57","568.21","522.57","528.57","1286","7.89","21.7","243.81","4","136.16","121.41","122.33","552","10.32","23.69","246","1","19","21","",""
"1051",2024/3/1 13:32:13,"313","119.83694","31.71972","60.39","79","159","-78.44","4.72","147;171;56;70;192;219;97","-78.50;-79.34;-82.95;-86.38;-88.15;-123.44;-124.00","567.98","530.55","533.62","1286","3.52","25.44","242.93","4","135.54","120.02","121.54","552","10.96","23.47","246","1","19","21","",""
"1052",2024/3/1 13:32:14,"314","119.8371","31.71977","60.9","79","159","-78.99","4.83","171;147;70;56;192;302;219;97","-78.98;-79.35;-85.16;-85.48;-90.23;-91.44;-119.86;-122.52","575.87","552.98","552.25","1286","1.71","25.8","244.48","4","135.5","119.95","120.74","552","10.7","23.28","246","1","19","22","",""
"1053",2024/3/1 13:32:15,"314","119.83724","31.71981","59.85","79","159","-79.38","3.67","171;147;70;26;56;302;192;219;97","-79.66;-80.59;-84.26;-85.36;-85.47;-92.04;-93.55;-122.92;-123.63","575.31","551.48","556.59","1282","8.15","20.59","243.09","4","133.78","118.2","119.32","552","9.3","23.16","246","1","19","22","",""
"1054",2024/3/1 13:32:16,"316","119.83738","31.71985","60.39","79","159","-79.67","4.01","171;147;26;70;56;302;192;219;97","-80.66;-81.10;-84.61;-85.18;-86.98;-93.66;-96.62;-122.62;-123.63","577.7","556.07","558.83","1284","3.42","25.01","242.58","4","133.09","118.07","118.93","552","10.7","23.18","246","1","19","22","",""
"1055",2024/3/1 13:32:17,"315","119.83753","31.71988","59.75","79","159","-79.34","3.51","171;147;26;70;56;302;192;219;97","-79.83;-80.40;-84.72;-86.26;-86.89;-88.86;-95.48;-122.26;-155.98","584.35","558.13","564.23","1286","2.18","26.41","244.47","4","132.37","116.84","118.6","552","9.54","23.16","246","1","19","22","",""
"1056",2024/3/1 13:32:18,"316","119.83768","31.7199","58.95","79","159","-79.06","4.09","171;147;70;26;56;302;192;219","-79.50;-80.98;-82.92;-84.90;-86.71;-87.68;-94.19;-122.23","594.97","579.72","579.57","1286","3.53","26.06","243.16","4","132.41","116.72","118.37","552","10.2","23.18","246","1","19","22","",""
"1057",2024/3/1 13:32:19,"316","119.83783","31.71992","58.52","79","159","-78.6","4.44","171;70;147;56;192;219","-79.70;-81.63;-82.30;-87.62;-97.05;-124.39","600.02","579.82","585.59","1286","2.27","25.66","244.97","4","132.29","117.42","118.45","552","9.9","23.13","246","1","19","21","",""
"1058",2024/3/1 13:32:20,"316","119.83798","31.71995","58.26","79","159","-78.43","4.04","171;70;147;56;302;26;192;219","-79.98;-81.41;-83.75;-85.89;-86.18;-96.44;-100.45;-124.34","597.27","576.7","580.82","1284","3.9","23.87","243.08","4","132.49","117.95","118.56","552","10.25","23.14","246","1","19","21","",""
"1059",2024/3/1 13:32:21,"318","119.83814","31.71997","57.95","79","159","-78.3","3.27","171;70;147;56;302;85;192;26;219","-79.41;-83.09;-83.89;-85.36;-86.59;-94.76;-96.23;-96.44;-125.78","590.57","557.21","562.45","1286","9.73","21.97","242.25","4","132.53","117.66","118.93","552","9.89","23.19","246","1","19","21","",""
"1060",2024/3/1 13:32:22,"318","119.83829","31.71998","58.22","79","159","-78.35","2.68","171;70;56;147;302;192;85;219","-79.45;-82.73;-83.63;-84.36;-87.87;-94.81;-100.13;-123.70","587.53","555.04","558.87","1284","2.88","24.9","243.04","4","132.68","117.28","118.69","552","10.38","23.19","246","1","19","21","",""
"1061",2024/3/1 13:32:23,"318","119.83845","31.72","58.77","79","159","-78.48","1.95","171;56;70;147;192;219","-79.55;-79.83;-82.70;-85.14;-96.42;-124.76","589.77","553.93","561.67","1284","5.26","23.32","242.82","4","132.66","117.88","118.64","552","10.09","23.22","246","1","19","21","",""
"1062",2024/3/1 13:32:24,"319","119.83861","31.72002","58.41","79","159","-79.19","-1.07","56;171;70;147;192;302;219","-76.56;-80.16;-81.41;-84.46;-93.09;-101.21;-122.26","596.46","560.55","563.24","1284","10.05","20.34","244.21","4","133.03","117.91","118.83","552","9.98","23.19","246","1","19","22","",""
"1063",2024/3/1 13:32:25,"318","119.83877","31.72004","58.96","79","159","-79.82","-2.46","56;171;70;147;192;219","-74.55;-79.91;-83.65;-84.77;-92.88;-122.26","599.61","559.11","565.08","1284","1.79","26.41","244.31","4","133.01","118.39","118.79","552","10.54","23.23","246","1","19","22","",""
"1064",2024/3/1 13:32:26,"318","119.83894","31.72005","59.82","79","159","-74.63","2.02","56;171;70;147;192;219","-73.57;-80.10;-83.52;-86.17;-95.69;-126.84","593.79","553.92","557.57","1284","6.7","25.27","243.85","4","132.96","117.43","118.97","552","10.38","23.18","246","1","19","18","",""
"1065",2024/3/1 13:32:27,"318","119.8391","31.72006","59.31","79","159","-74.71","1.29","56;171;70;147;192;219","-73.31;-80.77;-81.10;-85.77;-95.05;-123.65","590.12","563.83","568.78","1282","2.35","25.96","243.71","4","132.54","116.41","118.04","552","11.13","23.17","246","1","19","18","",""
"1066",2024/3/1 13:32:28,"317","119.83926","31.72006","59.51","79","159","-74.66","2.67","56;70;171;147;192;219","-73.24;-79.27;-80.11;-86.55;-95.79;-122.68","587.66","562.26","565.38","1282","3.04","25.54","243.53","4","132.84","117.21","118.51","552","9.65","23.21","246","1","19","18","",""
"1067",2024/3/1 13:32:29,"317","119.83943","31.72005","60.15","79","159","-75.35","3.42","56;70;171;147;192;219","-74.80;-78.15;-80.23;-87.20;-97.02;-125.75","593.37","572.16","577.63","1282","4.09","25.66","244.59","4","132.48","117.27","118.26","552","10.25","23.17","246","1","19","19","",""
"1068",2024/3/1 13:32:30,"316","119.83959","31.72006","60.44","79","159","-75.67","3.63","56;70;171;147;192;219","-75.09;-78.15;-79.58;-87.30;-97.01;-124.71","595.52","575.42","580.17","1283","2.43","26.25","243.22","4","132.56","118.4","118.62","552","9.9","23.19","246","1","19","19","",""
"1069",2024/3/1 13:32:31,"315","119.83975","31.72003","61.4","79","159","-75.07","3.54","56;70;171;147;192;26;219","-76.34;-77.92;-79.64;-87.23;-97.98;-114.10;-123.60","597.76","572.96","578.09","1283","5.89","24.98","244.04","4","132.46","117.06","118.23","552","10.43","23.18","246","1","19","19","",""
"1070",2024/3/1 13:32:32,"315","119.83993","31.72002","61.41","79","159","-74.89","4.25","56;70;171;147;192;26;219","-77.20;-78.09;-79.62;-87.68;-96.48;-114.99;-123.30","595.19","570.81","573.51","1283","4.44","26.13","243.09","4","133","117.66","118.85","552","9.81","23.24","246","1","19","18","",""
"1071",2024/3/1 13:32:33,"314","119.8401","31.72002","62.08","79","159","-74.78","6.64","56;70;171;147;192;219;26","-76.23;-78.13;-78.34;-88.43;-94.34;-125.43;-155.58","593.9","556.2","562.35","1284","6.48","25.59","243.04","4","132.53","117.11","118.92","552","9.47","23.15","246","1","19","18","",""
"1072",2024/3/1 13:32:34,"315","119.84027","31.71999","63.29","79","159","-75.15","6.5","56;70;171;147;26;192;219","-75.73;-78.09;-78.14;-88.08;-93.15;-93.73;-123.89","592.08","560.23","563.09","1284","5.53","25.79","242.47","4","132.78","118.35","119","552","10.56","23.11","246","1","19","19","",""
"1073",2024/3/1 13:32:35,"315","119.84043","31.71997","62.48","79","159","-75.49","6.58","56;70;171;147;192;26;219","-76.63;-78.43;-78.57;-89.77;-92.23;-114.94;-123.78","590.42","553.89","558.92","1283","5.11","26.12","242","4","132.37","117.18","118.43","552","10.62","23.15","246","1","19","19","",""
"1074",2024/3/1 13:32:36,"315","119.84058","31.71995","62.15","79","159","-76.09","5.99","56;171;70;147;192;26;219","-74.80;-77.65;-78.64;-89.88;-92.72;-95.13;-126.32","590.63","559.2","561.97","1283","5.5","25.54","243.75","4","131.43","116.73","116.86","552","11.35","22.88","246","1","19","19","",""
"1075",2024/3/1 13:32:37,"315","119.84076","31.71993","63.39","79","159","-76.61","5.87","171;56;70;147;192;26;219","-78.74;-78.91;-79.48;-89.88;-92.38;-105.73;-124.02","592.82","560.83","566.81","1282","3.85","26.2","244.23","4","130.18","114.88","116.13","552","9.52","22.55","246","1","19","19","",""
"1076",2024/3/1 13:32:38,"315","119.84093","31.7199","63.91","79","159","-82.86","-1.95","171;56;180;26;192;302;70;219","-75.25;-80.41;-87.63;-89.58;-89.91;-93.34;-93.70;-118.54","597.97","571.58","574.13","1282","3.75","26.11","245.65","4","122.78","108.15","109.52","552","10.8","19.47","246","1","22","23","",""
"1077",2024/3/1 13:32:39,"313","119.84107","31.71992","62.82","79","159","-81.86","0.76","171;56;180;26;192;302;70;219","-74.92;-80.48;-86.92;-87.29;-92.14;-93.55;-93.78;-121.61","602.76","576.46","582.36","1282","3.14","26.53","244.56","4","115.36","100.45","102.92","552","11.37","19.22","246","1","22","21","",""
"1078",2024/3/1 13:32:40,"314","119.84115","31.71991","59.82","79","159","-82.9","0.13","171;56;26;180;70;192;302;219","-74.35;-80.21;-85.95;-85.98;-90.99;-91.02;-92.20;-121.48","605.88","577.55","582","1281","5.35","26.19","244.78","4","108.67","95.79","96.52","552","11.13","19.28","246","1","22","21","",""
"1079",2024/3/1 13:32:41,"314","119.8412","31.7199","55.59","79","56","-80.69","1.7","171;70;26;180;192;159;219","-74.59;-80.55;-85.04;-86.42;-88.47;-89.46;-123.90","576.87","569.39","512.6","1281","20.01","22.54","236.96","4","114.15","98.8","101.23","552","12.01","23.69","245.04","1","19","25","",""
"1080",2024/3/1 13:32:42,"314","119.8412","31.7199","50","79","56","-79.44","1.54","171;70;159;26;180;192;219","-75.78;-79.84;-82.55;-86.29;-86.70;-91.88;-121.95","579.72","519.6","501.37","1284","9.98","26.52","241.75","4","126.62","111.19","113.21","552","9.12","25.3","246","1","19","20","",""
"1081",2024/3/1 13:32:43,"315","119.84121","31.7199","42.66","79","56","-79.3","1.58","171;70;159;26;180;192;219","-77.09;-81.26;-81.49;-85.08;-86.21;-86.88;-122.66","580.71","533.1","500.66","1286","8","26.29","240.51","4","141","123.77","126.19","552","10.78","25.71","246","1","19","17","",""
"1082",2024/3/1 13:32:44,"314","119.84121","31.7199","36.06","79","56","-79.35","0.93","171;70;159;26;180;192;219","-76.41;-79.86;-81.32;-84.59;-86.77;-88.33;-120.33","606.25","557.88","561.99","1286","5.06","26.61","242.88","4","148.91","132.34","133.98","552","9.17","25.49","246","1","19","18","",""
"1083",2024/3/1 13:32:45,"314","119.84121","31.7199","32.48","79","56","-79.42","1.82","171;70;159;26;180;192;219","-77.48;-79.88;-81.98;-83.97;-87.52;-89.98;-120.68","602.04","566.11","571.82","1286","4.43","26.3","242.39","4","150.8","132.35","135.5","552","10.01","25.91","246","1","18","17","",""
"1084",2024/3/1 13:32:46,"314","119.84121","31.7199","26.96","79","56","-79.03","2.22","171;159;70;26;180;192;219","-76.73;-81.37;-81.62;-85.79;-86.39;-87.30;-124.02","601.86","569.42","576.73","1286","5.02","26.38","242.22","4","149.78","132.98","133.94","552","11.7","25.44","246","1","19","18","",""
"1085",2024/3/1 13:32:47,"314","119.84121","31.71989","17.77","79","56","-79.2","2.03","171;70;159;26;180;192;219","-77.20;-80.38;-81.09;-85.34;-86.53;-87.13;-121.69","602.82","566.12","574.04","1288","6.92","25.97","243.14","4","150.81","132.17","133.39","552","12.02","25.64","246","1","19","18","",""
"1086",2024/3/1 13:32:48,"314","119.8412","31.71988","11.79","79","56","-79.57","1.96","171;70;159;26;180;192;219","-76.23;-79.94;-80.79;-84.90;-86.16;-88.74;-123.89","599.31","559.59","566.1","1286","6.43","26.35","241.98","4","148.74","130.32","131.7","552","9.35","25.4","246","1","19","18","",""
"1087",2024/3/1 13:32:49,"313","119.84119","31.7199","7.38","79","56","-79.16","1.93","171;70;159;26;180;192;219","-77.02;-79.38;-81.20;-84.80;-86.49;-86.63;-119.94","599.32","559.66","565.14","1286","5.11","26.44","242.77","4","150.01","130.1","132.8","552","12.13","25.75","246","1","19","18","",""
"1088",2024/3/1 13:32:50,"313","119.84119","31.7199","4.32","79","56","-79.11","1.33","171;70;159;26;180;192;219","-77.05;-80.06;-83.28;-85.27;-86.70;-91.63;-120.72","593.75","552.74","552.84","1286","11.53","24.56","240.67","4","149.09","130.83","131.59","552","12.66","25.5","246","1","19","18","",""
"1089",2024/3/1 13:32:51,"313","119.84118","31.7199","2.75","79","56","-79.25","3.83","171;26;192;70;180;159;219","-74.90;-80.16;-81.75;-81.93;-86.36;-87.81;-123.82","595.95","554.37","558.37","1288","3.81","26.58","242.31","4","149.15","128.87","130.47","552","12.02","25.14","246","1","19","18","",""
"1090",2024/3/1 13:32:52,"314","119.84117","31.71989","3.33","79","56","-81.43","4.51","171;26;70;192;180;159;219","-74.94;-80.20;-80.64;-82.25;-86.02;-115.35;-127.54","599.07","562.16","565.41","1284","3.37","26.41","242.73","4","147.09","130.9","129.89","552","9.72","25.15","246","1","19","18","",""
"1091",2024/3/1 13:32:53,"314","119.84117","31.71988","3.4","79","56","-81.07","5.06","26;171;180;70;192;219","-76.41;-79.40;-84.10;-84.38;-93.86;-127.60","607.52","586.57","591.29","1284","2.49","26.54","244.69","4","147.22","128.66","131.79","552","9.23","25.44","246","1","19","18","",""
"1092",2024/3/1 13:32:54,"314","119.84117","31.71986","3.86","79","56","-80.21","6.54","70;26;192;171;180;219","-80.27;-83.47;-85.69;-87.59;-90.26;-123.71","610.05","594.79","597.29","1286","0.94","26.81","244.21","4","148.77","135.43","135.81","552","6.94","25.88","245.93","1","16","15","",""
"1093",2024/3/1 13:32:55,"313","119.84118","31.71984","5.26","79","56","-79.91","6.92","70;26;192;171;180;159;219","-77.52;-85.60;-85.62;-87.58;-90.20;-95.48;-125.33","611.68","596.49","602.4","1286","1.39","26.69","243.85","4","151.1","135.94","137.97","552","9.47","25.88","245.83","1","14","12","",""
"1094",2024/3/1 13:32:56,"313","119.84121","31.71979","7.76","79","56","-79.77","6.96","70;26;147;171;192;180;159;219","-79.37;-83.86;-84.83;-86.21;-86.53;-90.80;-97.27;-129.18","614.7","606.54","609.78","1286","0.31","26.91","246.83","4","151.96","138.24","138.99","552","10.09","25.83","245.31","1","14","13","",""
"1095",2024/3/1 13:32:57,"311","119.84126","31.71972","10.27","79","56","-79.14","8.46","70;26;147;192;171;159;180;219","-78.52;-84.36;-86.84;-86.96;-87.41;-89.06;-91.51;-127.17","614.19","604.29","607.44","1286","1.55","26.77","243.43","4","152.2","131.98","134.38","552","15.48","26","245.37","1","14","12","",""
"1096",2024/3/1 13:32:58,"307","119.84134","31.71964","14.07","79","56","-80.55","9.22","70;26;171;192;147;180;159;219","-76.59;-84.30;-85.05;-85.77;-87.73;-93.77;-95.13;-126.37","617.19","608.54","613.15","1285","0.23","26.99","246.82","4","152.49","134.68","138.23","552","2.18","26","245.14","1","13","12","",""
"1097",2024/3/1 13:32:59,"303","119.84143","31.71955","18.29","79","70","-76.58","4.08","56;171;26;192;159;180","-79.54;-86.57;-86.80;-87.52;-95.60;-95.64","564.15","608.54","530.98","1280","15.51","16.57","241.2","4","140.29","126.97","127.65","552","10.84","22.14","243.54","1","19","25","",""
"1098",2024/3/1 13:33:00,"299","119.84152","31.71944","25.31","79","70","-76.31","5.72","56;192;171;26;147;85;159;180","-82.02;-86.13;-86.24;-86.49;-87.93;-88.87;-94.05;-94.91","523.39","441.67","479.2","1283","8.72","16.35","241.78","4","131.29","122.76","122.17","552","10.4","22.42","246","1","19","25","",""
"1099",2024/3/1 13:33:01,"295","119.84162","31.71933","31.13","79","70","-75.82","5.61","56;192;26;171;147;85;180;159","-82.87;-84.93;-85.30;-86.55;-87.03;-87.38;-94.61;-95.52","512.85","474.89","463.12","1282","4.36","22.83","243.96","3.91","123.25","108.06","110.39","552","10.92","22.49","246","1","19","25","",""
"1100",2024/3/1 13:33:02,"290","119.84172","31.71922","36.73","79","70","-75.4","4.41","56;26;171;147;192;85;159","-79.01;-81.74;-85.48;-86.69;-87.13;-87.38;-95.52","549.22","518.25","519.92","1282","6.16","25.09","241.9","3.92","126.9","112.21","113.14","552","10.01","22.24","246","1","19","25","",""
"1101",2024/3/1 13:33:03,"286","119.84182","31.71911","42.48","79","70","-75.4","3.25","56;26;192;147;171;219","-76.68;-79.02;-83.77;-84.66;-84.67;-120.62","578.41","552.31","553.69","1283","5.3","25.98","243.8","4","126.54","111.15","112.63","552","10.92","22.21","246","1","19","25","",""
"1102",2024/3/1 13:33:04,"282","119.84193","31.71899","44.33","79","70","-76.25","2.65","56;26;171;192;219","-75.34;-77.59;-83.63;-83.74;-119.24","581.85","548.29","552.72","1282","8.75","25.22","242.92","3.92","124.41","109.99","111.36","552","9.67","21.56","246","1","19","25","",""
"1103",2024/3/1 13:33:05,"278","119.84204","31.71887","49.63","79","70","-77.08","2.79","56;26;171;192;219","-74.23;-76.63;-84.64;-87.02;-123.36","564.38","521.61","526.47","1284","8.55","23.57","243.38","4","121.7","108.6","109.54","552","9.35","21.07","246","1","19","25","",""
"1104",2024/3/1 13:33:06,"273","119.84215","31.71876","54.57","79","56","-74.6","8.44","26;70;171;192;219","-76.46;-78.90;-84.69;-86.82;-118.88","508.95","397.61","439.51","1286","23.5","15.53","238.33","4","123.78","111.42","113.6","552","6.27","24.78","245.03","1","19","23","",""
"1105",2024/3/1 13:33:07,"269","119.84226","31.71865","58.08","79","56","-75.04","9.68","26;70;171;192;219","-75.73;-80.36;-83.10;-86.82;-123.23","477.08","347.95","401.18","1284","12.48","15.52","239.1","4","134.73","122.55","124.16","552","8.62","25.96","246","1","18","17","",""
"1106",2024/3/1 13:33:08,"265","119.84238","31.71853","63.22","79","56","-75.73","10.83","26;70;171;192;219","-75.86;-79.32;-85.05;-87.08;-124.81","485.04","450.78","414.35","1284","5.18","22.54","241.35","3.91","146.14","131.8","133.54","552","11.53","25.91","245.91","1","19","18","",""
"1107",2024/3/1 13:33:09,"261","119.84249","31.71841","64.74","79","56","-76.4","10.96","26;70;171;192;219","-76.27;-80.71;-83.21;-90.54;-125.48","551.04","525.09","526.34","1284","2.27","26.77","243.47","3.38","152.5","136.56","139.38","552","5.13","25.95","245.08","1","19","17","",""
"1108",2024/3/1 13:33:10,"257","119.8426","31.71829","64.37","79","56","-76.5","10.75","26;171;70;192;180;159;219","-75.55;-80.02;-80.91;-86.57;-87.96;-91.30;-124.65","599.94","573.64","582.5","1286","1.71","26.59","242.46","3.91","152.54","137.49","139.03","552","8.74","26","244.93","1","17","16","",""
"1109",2024/3/1 13:33:11,"252","119.84271","31.71817","66.13","79","56","-79.14","11.06","26;70;171;192;180;159;219","-75.90;-79.73;-79.80;-86.37;-87.70;-92.96;-124.65","609.61","590.34","595.73","1286","2.24","26.69","244.78","3.84","152.8","140.75","143.22","552","4.71","26","245.72","1","18","16","",""
"1110",2024/3/1 13:33:12,"248","119.84282","31.71804","65.94","79","56","-80.77","9.66","26;70;171;192;159;61;180;219","-75.70;-77.97;-81.50;-85.30;-87.33;-89.02;-89.16;-122.65","611.03","591.48","593.65","1286","4.9","26.72","244.39","4","152.87","140.89","142.44","552","6.92","25.89","245.97","1","18","16","",""
"1111",2024/3/1 13:33:13,"244","119.84293","31.71793","67.31","79","56","-81.46","8","26;70;171;159;192;61;180;219","-75.72;-78.51;-83.88;-84.91;-86.05;-87.23;-89.62;-124.21","611.9","582.71","588.2","1286","6.34","25.84","244.36","4","152.65","138.83","141.11","552","11","25.92","245.99","1","19","17","",""
"1112",2024/3/1 13:33:14,"240","119.84304","31.71781","67.31","79","56","-79.51","7.31","70;26;192;171;159","-79.24;-80.94;-83.45;-84.66;-85.57","517.79","384.03","492.52","1286","9.09","23.58","234.15","4","112.85","95.69","102.81","552","9.25","25.11","225.82","1","19","17","",""
"1113",2024/3/1 13:33:15,"236","119.84314","31.7177","66.16","79","70","-80.49","-1.76","26;171;56;159;192;219","-74.63;-82.88;-83.80;-87.12;-87.68;-125.71","279.04","317.2","104.36","1100","38.99","12.57","231.65","3.9","88.32","80.97","79.23","437","12.18","21.06","237.29","1","22","26","",""
"1114",2024/3/1 13:33:16,"232","119.84325","31.71757","66.47","79","26","-74.55","7.59","70;171;56;192","-79.93;-80.78;-84.16;-84.53","358.84","317.2","209.94","1211","19.9","20.4","241.03","4","80.15","67.37","74.69","526","6.84","23.65","245.07","1","19","23","",""
"1115",2024/3/1 13:33:17,"228","119.84336","31.71745","66.78","79","26","-73.6","6.56","70;171;56;192","-79.95;-80.80;-83.99;-87.41","493.22","578.51","388.16","1402","0.71","26.96","244.07","4","128.87","113.59","121.34","600","5.19","26","246","1","17","15","",""
"1116",2024/3/1 13:33:18,"224","119.84346","31.71733","66.89","79","26","-73.5","7.35","171;70;192;56","-80.95;-81.38;-85.88;-85.99","603.75","608.79","558.79","1406","1.63","26.75","241.83","4","154.58","151.27","145.38","600","7.51","26","246","1","17","15","",""
"1117",2024/3/1 13:33:19,"220","119.84357","31.71721","66.68","79","26","-73.69","6.37","70;171;56;192","-81.50;-81.77;-85.45;-86.23","672.72","662.83","667.87","1406","0.07","26.95","245.24","4","167.38","152.63","152.94","600","13.23","25.97","246","1","16","14","",""
"1118",2024/3/1 13:33:20,"216","119.84367","31.71709","67.08","79","26","-73.82","8.1","171;70;192;56","-80.77;-81.88;-85.80;-88.14","674","659.87","666.96","1402","3.43","25.37","243.08","4","167.37","151.01","152.56","600","4.84","25.99","246","1","16","14","",""
"1119",2024/3/1 13:33:21,"211","119.84379","31.71697","67.32","79","26","-73.43","9.38","171;70;56;192;180","-80.21;-81.48;-83.14;-93.41;-93.97","676","648.44","656.03","1400","5.93","25","243.55","4","167.39","154.53","155.36","600","1.84","26.01","246","1","16","14","",""
"1120",2024/3/1 13:33:22,"207","119.84389","31.71685","66.74","79","26","-72.5","12.28","171;70;56;192;180","-79.79;-81.59;-83.49;-85.93;-153.34","671.16","643.58","646.42","1404","1.63","26.27","242.01","4","167.48","157.52","159.48","600","6.5","26","246","1","13","11","",""
"1121",2024/3/1 13:33:23,"203","119.844","31.71673","66.16","79","26","-71.71","12.82","171;56;147;180","-79.07;-88.82;-130.75;-140.34","668.73","652.34","652.16","1406","0","26.88","244.7","4","167.38","152.78","155.37","600","12.22","25.96","246","1","12","10","",""
"1122",2024/3/1 13:33:24,"199","119.84411","31.71661","66.47","79","26","-72.03","13.3","171;147;192;56","-78.33;-87.22;-88.37;-126.60","670.28","662.98","664.22","1408","1.84","25.91","242.25","4","167.41","147.66","148.6","600","15.07","26.04","246","1","12","11","",""
"1123",2024/3/1 13:33:25,"195","119.84422","31.71649","67.66","79","26","-73.07","14.5","171;192;147;70;56","-78.76;-88.26;-88.62;-89.05;-108.46","673.49","662.63","668.68","1404","0.78","26.75","243.56","3.41","167.14","143.02","143.83","600","15.57","25.9","246","1","12","10","",""
"1124",2024/3/1 13:33:26,"191","119.84433","31.71637","67.31","79","26","-74.53","14.8","171;61;192;147;70;56","-76.96;-80.07;-85.39;-86.23;-88.16;-108.46","671.41","663.53","666.6","1406","0","26.88","244.68","3.07","167.25","143.44","143.92","600","11.05","26.04","246","1","11","9","",""
"1125",2024/3/1 13:33:27,"187","119.84444","31.71624","67.67","79","26","-70.47","16.69","61;171;192;70;147","-77.77;-78.25;-83.12;-85.48;-94.66","673.26","655.44","661.13","1404","5.09","24.45","243.47","3","152.16","129.38","131.66","600","14.62","20.39","246","1","10","8","",""
"1126",2024/3/1 13:33:28,"183","119.84455","31.71612","67","79","26","-71.88","13.97","61;171;192;56;67;70;147","-75.31;-77.70;-81.13;-83.86;-85.24;-85.30;-133.47","673.14","654.45","659.41","1402","1.13","25.96","244.92","3.15","148.8","126.78","131.34","600","9.83","24.71","246","1","17","15","",""
"1127",2024/3/1 13:33:29,"178","119.84466","31.716","67.21","79","26","-74.82","14.89","61;171;192;302;56;70;67","-76.02;-77.20;-80.88;-83.18;-84.20;-85.78;-85.95","669.91","645.88","649.05","1404","3.06","24.79","242.46","4","147.18","126.02","130.12","600","10.38","25.45","246","1","19","19","",""
"1128",2024/3/1 13:33:30,"174","119.84476","31.71588","67.89","79","26","-75.25","18.2","61;171;192;302;70;67","-75.77;-78.02;-80.98;-83.75;-84.91;-85.23","672.1","655.5","661.4","1406","1.99","24.57","244.27","3.84","159.53","139.54","142.2","600","10.88","25.53","246","1","19","18","",""
"1129",2024/3/1 13:33:31,"171","119.84487","31.71577","66.9","79","26","-73.67","14.36","61;171;192;302;67;70","-76.38;-77.62;-81.09;-82.63;-84.73;-84.91","684.22","657.65","662.34","1404","6.21","21.21","240.99","3.75","164.02","147.2","146.89","600","9.68","25.96","246","1","16","14","",""
"1130",2024/3/1 13:33:32,"168","119.84498","31.71565","66.68","79","26","-75.17","12.65","171;61;192;302;70","-78.01;-78.51;-80.97;-81.91;-85.23","694.55","664.76","669.47","1404","5.67","21.1","241.4","3.07","165.02","147.24","148.53","600","11.33","25.79","246","1","16","15","",""
"1131",2024/3/1 13:33:33,"163","119.84508","31.71552","67.01","79","26","-76.22","12.19","171;61;192;302;70;67","-77.78;-78.42;-80.77;-82.51;-85.32;-88.00","724.71","687.03","686.93","1404","6","22.65","243.24","3.83","164.28","145.15","147.67","600","11.03","25.28","246","1","19","17","",""
"1132",2024/3/1 13:33:34,"159","119.84519","31.71541","66.7","79","26","-73.45","13.44","171;61;192;302;70;67","-78.55;-81.59;-82.11;-82.68;-84.34;-138.01","762.07","692.17","707","1406","14.1","23.2","238.59","4","164.28","143.17","144.87","600","12.7","25.95","246","1","18","16","",""
"1133",2024/3/1 13:33:35,"155","119.84529","31.71528","66.84","79","26","-74.42","13.78","171;302;61;192;70;67","-78.90;-81.70;-82.65;-82.91;-85.13;-93.76","750.81","691.84","697.53","1408","0.28","26.92","243.64","3.41","164.46","143.27","144.48","600","12.22","25.91","246","1","18","16","",""
"1134",2024/3/1 13:33:36,"152","119.84541","31.71517","66.75","79","26","-75.31","12.6","171;302;192;70;67","-80.18;-81.60;-83.80;-84.78;-95.85","711.13","658.46","673.18","1404","0","26.74","243.73","3.69","166.99","150.9","151.42","600","3.16","26","246","1","17","15","",""
"1135",2024/3/1 13:33:37,"147","119.84552","31.71505","67.02","79","26","-72.48","10.15","302;192;61;171;70;85;67","-81.41;-81.93;-82.95;-83.14;-85.45;-89.40;-93.02","670.53","659.69","663.76","1404","3.28","25.5","242.77","4","166.22","155.53","155.35","600","4.84","25.68","246","1","16","14","",""
"1136",2024/3/1 13:33:38,"143","119.84562","31.71493","66.22","79","26","-74.24","8.22","302;171;56;192;70;61;85;67","-80.53;-80.57;-81.26;-82.20;-84.19;-86.03;-90.59;-99.02","669.6","658.24","661.2","1404","0.78","26.6","243.74","4","166.54","155.15","156.6","600","9.53","25.99","246","1","15","13","",""
"1137",2024/3/1 13:33:39,"139","119.84572","31.71482","65.69","79","26","-76.37","7","302;61;171;56;192;70;85;67","-80.20;-80.38;-80.63;-81.88;-82.39;-84.16;-89.23;-146.24","670.93","659.69","664.83","1404","0","26.95","245.08","4","166.18","150.89","151.87","600","11.37","25.88","246","1","17","15","",""
"1138",2024/3/1 13:33:40,"135","119.8458","31.71469","65.48","79","26","-74.32","7.88","61;302;56;171;192;70;67","-78.61;-79.38;-81.19;-83.13;-83.45;-83.47;-93.12","673.21","664.91","668.63","1406","1.21","26.7","244.82","3.92","166.72","146.76","147.26","600","13.56","25.9","246","1","18","16","",""
"1139",2024/3/1 13:33:41,"132","119.84591","31.71456","66","79","26","-73","7.77","61;302;192;171;70;67","-76.32;-78.80;-82.32;-82.97;-84.91;-151.20","674.43","665.3","671.32","1406","0.21","26.91","243.31","3.08","165.09","142.78","145.03","600","11.03","25.4","246","1","19","18","",""
"1140",2024/3/1 13:33:42,"127","119.84602","31.71444","66.9","79","26","-72.78","6.55","61;302;171;192;70;73;67","-77.70;-78.37;-82.48;-83.66;-83.88;-92.02;-153.82","672.02","660.53","666.81","1406","1.77","26.44","243.15","3","163.69","142.41","143.96","600","10.55","25.53","246","1","19","19","",""
"1141",2024/3/1 13:33:43,"123","119.84611","31.71432","65.92","79","26","-77.11","4.68","61;302;171;192;70;73","-75.41;-77.14;-81.98;-82.86;-83.58;-87.09","665.66","645.16","655.25","1404","4.55","24.45","239.94","3","162.08","142.21","143.93","600","10.55","25.42","246","1","19","20","",""
"1142",2024/3/1 13:33:44,"120","119.84621","31.71419","66.8","79","61","-75.06","2.57","302;26;192;70;73;67","-77.43;-78.12;-82.98;-84.02;-85.50;-87.85","622.65","638.5","584.19","1404","15.19","18.41","239.55","3.08","151.68","135.86","135.72","600","10.31","23.23","244.63","1","19","25","",""
"1143",2024/3/1 13:33:45,"115","119.84632","31.71406","67.02","79","61","-74.27","3.37","26;302;192;171;70;73;67","-75.74;-77.06;-82.06;-82.23;-85.07;-86.56;-87.74","568.81","490.09","516.93","1406","10.84","15.19","240.77","3.83","145.35","131.25","130.76","600","9.54","23.08","246","1","19","25","",""
"1144",2024/3/1 13:33:46,"112","119.84642","31.71392","67.64","79","61","-73.96","3.18","26;73;302;171;192;70;67","-76.47;-76.59;-77.21;-78.85;-82.39;-83.45;-85.99","510.15","460.64","451.01","1404","10.25","13.59","242.76","4","139.17","126.19","125.88","600","10.05","23.03","246","1","19","25","",""
"1145",2024/3/1 13:33:47,"110","119.84652","31.7138","66.78","79","61","-73.7","3.8","73;302;26;171;192;70;67","-75.02;-75.49;-80.44;-80.73;-82.09;-85.06;-88.23","468.66","416.97","421.5","1404","10.63","9.72","243.15","4","143.42","128.26","129.11","600","10.2","23.04","246","1","19","25","",""
"1146",2024/3/1 13:33:48,"109","119.84664","31.71368","66.99","79","61","-73.86","3.57","302;73;171;192;26;70","-75.07;-75.67;-79.85;-81.81;-82.58;-87.06","442.9","392.2","394.43","1403","12.47","11.33","243.08","4","141.66","126.45","127.03","600","10.53","22.2","246","1","19","25","",""
"1147",2024/3/1 13:33:49,"108","119.84673","31.71355","68.4","79","61","-75.94","2.66","302;73;171;192;26;70","-75.05;-76.39;-80.34;-81.92;-85.26;-86.78","466.67","413.55","419.37","1405","10.7","15.53","240.93","4","133.73","118.28","119.9","600","9.68","19.63","246","1","22","25","",""
"1148",2024/3/1 13:33:50,"105","119.84683","31.71342","68.78","79","61","-75.78","2.01","302;171;73;192;70;26","-74.05;-77.95;-79.19;-82.90;-83.70;-143.56","461.04","402.25","409.05","1406","16.02","12.32","241.47","4","125.84","109.55","112.04","600","12.7","19.48","246","1","19","25","",""
"1149",2024/3/1 13:33:51,"103","119.84694","31.71328","68.66","79","61","-75.87","3.01","302;171;192;73;70;55;26","-73.83;-79.08;-82.73;-84.16;-84.88;-90.40;-91.34","459.76","405.7","412.95","1404","7.77","13.77","242.56","4","119.05","103.7","105.71","600","10.53","19.33","246","1","21","25","",""
"1150",2024/3/1 13:33:52,"103","119.84703","31.71315","69.08","79","61","-76.2","2.42","302;171;73;70;55;26","-72.16;-75.16;-82.77;-86.88;-115.30;-150.13","446.3","408.36","407.5","1403","7.1","18.54","241.4","4","118.12","103.9","104.11","600","12.16","19.13","246","1","22","25","",""
"1151",2024/3/1 13:33:53,"103","119.84712","31.71303","69.09","79","61","-77.53","0.6","302;171;73;70;55;26","-72.63;-76.39;-77.88;-85.02;-95.93;-154.14","478.52","450.37","446.3","1404","7.48","21.31","240.67","4","113.97","100.06","101.33","600","9.71","18.45","246","1","22","25","",""
"1152",2024/3/1 13:33:54,"102","119.84723","31.71291","68.95","79","61","-76.64","3","302;171;73;70;55","-72.34;-76.44;-76.66;-86.30;-91.22","507.41","469.42","473.56","1404","7.98","21.27","241.34","3.69","109.81","97.44","97.76","600","10.2","18.43","246","1","22","25","",""
"1153",2024/3/1 13:33:55,"101","119.84732","31.71278","68.54","79","302","-77.39","2.7","171;73;61;70","-75.63;-76.51;-78.16;-87.99","487.19","464.44","453.83","1404","9.73","17.75","239.98","3.45","106.56","93.28","94.34","600","14.56","19.89","245.55","1","22","25","",""
"1154",2024/3/1 13:33:56,"99","119.84742","31.71265","68.15","79","302","-72.54","12.29","61;73;171;70;192;219;97","-75.51;-76.86;-77.63;-83.77;-85.33;-121.46;-124.78","478.06","484.82","441.54","1296","8.9","17.54","238.91","3.58","119.86","105.45","105.88","553","11.02","25.42","245.7","1","19","18","",""
"1155",2024/3/1 13:33:57,"97","119.84751","31.71253","67.94","79","302","-73.1","10.25","171;61;73;192;70;219;97","-76.88;-76.94;-78.47;-82.45;-91.74;-118.32;-125.45","481.45","477.52","442.36","1261","9.76","17.19","238.12","4","131.97","119.15","116.74","540","10.29","25.26","246","1","19","19","",""
"1156",2024/3/1 13:33:58,"95","119.84761","31.7124","67.85","79","302","-75.03","6.8","61;171;73;192;70;219;97","-77.20;-77.66;-79.96;-83.51;-87.43;-121.16;-124.44","528.06","489.58","493.2","1259","8.1","18.49","238.7","3.91","143.51","126.34","128.96","540","9.39","25.2","246","1","19","20","",""
"1157",2024/3/1 13:33:59,"93","119.84771","31.71228","67.69","79","302","-76.93","6.31","171;61;73;192;97;219","-76.86;-77.70;-80.75;-83.52;-122.70;-122.83","545.71","503.07","508.26","1262","8.57","18.95","240.77","3.92","143.64","125.55","127.34","540","12.75","25.28","246","1","19","19","",""
"1158",2024/3/1 13:34:00,"91","119.84782","31.71215","67.34","79","302","-78.74","5.41","171;61;73;192;219;97","-77.21;-79.83;-82.05;-83.63;-116.16;-122.70","573.93","526.03","527.77","1260","8.82","19.03","244.87","3.83","143.23","125.91","126.21","540","11.89","25.27","246","1","19","19","",""
"1159",2024/3/1 13:34:01,"88","119.84791","31.71204","66.37","79","302","-80.25","8.63","171;73;61;192;219;97","-76.37;-79.79;-79.84;-85.75;-123.29;-124.72","580.93","526.26","531.91","1260","9.04","18.8","238.19","3.61","145.57","128.68","129.09","540","7.99","26.01","246","1","18","17","",""
"1160",2024/3/1 13:34:02,"85","119.84802","31.71191","66.16","79","302","-72.88","10.74","171;73;61;67;70;219;97;192","-75.14;-80.47;-81.91;-85.27;-86.88;-120.67;-124.72;-130.01","569.03","519.96","525.08","1262","6.19","17.76","243.49","3.16","146.89","132","132.27","540","9.86","25.75","246","1","17","15","",""
"1161",2024/3/1 13:34:03,"83","119.84812","31.7118","65.68","79","302","-64.5","12.38","171;61;73;219;97;70;67;192","-60.01;-81.16;-84.70;-116.18;-126.31;-147.10;-152.16;-154.84","551.08","498.2","505.48","1261","9.19","17.35","242.39","3","146.51","128.57","130.78","540","14.36","24.96","246","1","13","11","",""
"1162",2024/3/1 13:34:04,"78","119.84819","31.71171","64.3","79","302","-55.89","12.19","171;73;219;61;67;97;70","-58.63;-106.75;-116.84;-144.45;-155.97;-155.98;-155.99","543.74","503.4","505.35","1258","5.05","18.04","243.68","3","146.01","127.15","128.42","540","12.21","26","246","1","2","1","",""
"1163",2024/3/1 13:34:05,"74","119.84824","31.71164","61.6","79","302","-62.56","7.86","171;219;61;73;70","-61.36;-122.52;-138.23;-154.91;-156.00","555.47","509.96","510.75","1257","9.79","18.84","243.16","3","146.77","132.67","133.75","540","0","26.01","246","1","5","3","",""
"1164",2024/3/1 13:34:06,"71","119.84826","31.71162","56.5","79","302","-71.51","3.5","171;73;219","-65.64;-99.22;-117.59","591.82","541.22","546.68","1257","8.03","20.53","241.26","3.08","149.92","144.5","143.86","540","0","26.08","246","1","5","3","",""
"1165",2024/3/1 13:34:07,"68","119.84827","31.71161","50.79","79","171","-64.19","14.73","302;73;219","-69.43;-106.14;-118.94","592.53","541.22","547.63","1194","5.96","20.84","240.31","3","147.08","146.42","147.08","510","1.8","26.74","245.51","1","15","25","",""
"1166",2024/3/1 13:34:08,"65","119.84824","31.71162","46.19","79","171","-66.08","13.69","302;61;73;219","-74.48;-98.48;-104.50;-122.07","650.89","671.68","602.31","1257","11.17","24.08","237.04","3","147.07","142.53","142.69","540","8.83","26.01","246","1","9","20","",""
"1167",2024/3/1 13:34:09,"62","119.84824","31.71165","39.18","79","171","-73.53","12.86","302;61;219;73","-68.41;-81.31;-122.48;-155.63","664.63","630.69","609.47","1256","11.06","20.85","239.58","3","147.39","139.84","140.59","540","5.21","26.17","245.95","1","14","24","",""
"1168",2024/3/1 13:34:10,"59","119.84823","31.71166","35.79","79","302","-74.8","12.02","171;61;73","-74.11;-85.80;-85.89","624.99","586.71","566.49","1256","11.82","17.41","238.7","3.09","146.39","134.79","135.87","540","9.78","26.08","245.02","1","11","21","",""
"1169",2024/3/1 13:34:11,"55","119.84823","31.71167","29.78","79","302","-75.57","2.69","171;73;61","-74.91;-80.84;-82.84","568.9","524.18","496.32","1258","8.9","23.03","242.87","3","147.14","138.87","140.72","540","0","26.39","246","1","19","19","",""
"1170",2024/3/1 13:34:12,"52","119.84823","31.71167","19.98","79","171","-74.06","-0.66","302;73;61","-77.58;-80.77;-80.90","532","545.15","476.94","1258","11.81","23.44","241.87","3","137.12","128","127.01","540","17.78","23.22","245.03","1","19","18","",""
"1171",2024/3/1 13:34:13,"48","119.84824","31.71167","14.17","79","171","-69.67","12.11","302;61;192;73","-74.39;-80.17;-86.61;-131.18","516.41","416.83","443.7","1400","10","19.37","243.33","3","135.42","116.61","123.11","600","13.04","21.38","246","1","19","22","",""
"1172",2024/3/1 13:34:14,"46","119.84823","31.71168","9.95","79","171","-70.75","9.52","302;61;70;192;73","-75.93;-78.52;-87.35;-87.84;-88.58","546.56","459.39","498.95","1402","4.06","26.83","244.5","2.92","125.15","110.17","108.93","600","9.71","20.02","246","1","22","24","",""
"1173",2024/3/1 13:34:15,"42","119.84823","31.71169","6.74","79","171","-70.73","9.01","302;192;70;73;61","-75.84;-87.70;-89.91;-96.03;-96.79","608.68","586.23","565.76","1403","12.16","24.34","241.35","3","132.24","115.48","117.92","600","9.59","23.01","246","1","19","19","",""
"1174",2024/3/1 13:34:16,"39","119.84823","31.71169","5.57","79","171","-71.44","7.82","302;61;192;56;70;73;67","-77.63;-84.88;-85.98;-90.45;-135.17;-136.80;-155.63","668.34","603.41","615.11","1408","6.48","22.71","244.17","2.92","141.46","125.58","127.34","600","9.88","25.26","246","1","19","18","",""
"1175",2024/3/1 13:34:17,"37","119.84823","31.71169","5.02","79","171","-72.85","7.15","302;73;61;192;56;70;67","-78.48;-83.39;-87.09;-87.58;-90.95;-153.41;-156.00","654.16","594.14","595.23","1406","7.15","19.42","240.61","3","153.58","141.47","138.07","600","9.83","25.16","246","1","19","18","",""
"1176",2024/3/1 13:34:18,"36","119.84823","31.71169","3.77","79","171","-73.74","6.98","302;61;55;73;192","-81.38;-87.63;-89.71;-90.22;-92.89","662.1","610.58","615.84","1408","8.39","20.34","243","3","159.91","142.02","143.72","600","9.54","25.23","246","1","19","18","",""
"1177",2024/3/1 13:34:19,"34","119.84823","31.7117","3.79","79","171","-76.96","6.44","302;61;73;55;192","-81.07;-85.04;-86.51;-89.76;-94.75","689.51","640.47","638.99","1406","8.4","21.45","240.1","3.16","159.93","142.91","143.47","600","10.38","25.28","246","1","19","18","",""
"1178",2024/3/1 13:34:20,"31","119.84824","31.7117","2.67","79","171","-79.95","4.44","302;73;61","-82.30;-87.47;-98.92","722.08","668.84","666.12","1408","7.98","22.03","241.61","3","159.92","141.92","143.71","600","9.34","25.17","246","1","19","20","",""
"1179",2024/3/1 13:34:21,"29","119.84826","31.71171","3.11","79","171","-84.06","3","302;73;61","-80.94;-84.61;-88.59","754.95","703.91","704.23","1404","4.56","22.68","243.19","3.08","159.68","141.19","142.34","600","11.39","25.16","246","1","19","20","",""
"1180",2024/3/1 13:34:22,"28","119.84826","31.71173","4","79","171","-88.05","2.57","302;73","-83.36;-89.56","800.72","763.67","757.75","1404","4.13","25.12","242.5","3","159.35","139.84","142.26","600","10.05","25.19","246","1","19","19","",""
"1181",2024/3/1 13:34:23,"26","119.84827","31.71173","4","79","171","-81.32","7.08","302;73","-84.89;-90.30","865.56","846.43","839.37","1406","1.14","26.88","244.89","3","151.07","132.53","132.88","600","14.69","21.77","246","1","17","15","",""
"1182",2024/3/1 13:34:24,"24","119.84827","31.71173","3.41","79","171","-81.43","6.92","302;73","-84.44;-92.94","921.95","905.81","903.62","1402","1.14","26.94","242.89","3","148.35","129.15","129.28","600","13.4","23.97","246","1","19","17","",""
"1183",2024/3/1 13:34:25,"23","119.84828","31.71174","3.6","79","171","-82.46","6.37","302;73","-84.30;-89.24","944.59","923.53","933.76","1404","2.85","26.7","244.58","3","143.42","119.55","121.85","600","16.77","23.14","246","1","19","18","",""
"1184",2024/3/1 13:34:26,"22","119.84828","31.71175","4","79","171","-81.89","5.41","302;73","-82.08;-92.41","938.34","896.99","906.47","1406","7.69","26.4","240.41","3","145.91","121.54","122.01","600","18.59","22.9","246","1","19","18","",""
"1185",2024/3/1 13:34:27,"22","119.84828","31.71175","4","79","171","-80.82","5.31","302;73","-81.73;-92.52","930.95","860.81","872.74","1406","7.76","25.67","243.39","3","145.48","117.33","119.45","600","18.72","23.5","246","1","19","17","",""
"1186",2024/3/1 13:34:28,"23","119.84828","31.71175","3.6","79","171","-82.47","4.75","302;73","-84.35;-94.75","922.81","847.36","852.94","1406","7.26","26.22","240.68","3","144.01","117.25","119.44","600","12.56","22.78","246","1","19","20","",""
"1187",2024/3/1 13:34:29,"22","119.84828","31.71175","3.55","79","171","-81.1","6.94","302;73","-81.74;-88.17","919.36","838.53","850.37","1406","7.54","25.95","241.12","3","145.44","119.97","122.86","600","13.4","23.41","246","1","19","19","",""
"1188",2024/3/1 13:34:30,"22","119.84828","31.71175","3.17","79","171","-78.9","9.17","302;73","-82.39;-90.63","914.13","849.93","852.83","1406","5.94","25.99","242.14","3","149.46","128.49","130.11","600","11.5","25.24","246","1","19","18","",""
"1189",2024/3/1 13:34:31,"21","119.84828","31.71174","3.26","79","171","-82.17","3.95","302;73","-86.76;-94.80","914.25","838.54","850.21","1408","9.82","25.83","238.79","3","149.32","125.36","129.78","600","14.02","22.61","246","1","19","21","",""
"1190",2024/3/1 13:34:32,"21","119.84828","31.71174","2.47","79","171","-80.34","7.76","302;73","-82.71;-94.10","903.94","826.42","834","1406","8.57","25.31","243.77","3","149.86","128.32","129.27","600","15.83","23.58","246","1","19","19","",""
"1191",2024/3/1 13:34:33,"21","119.84828","31.71174","1.47","79","171","-80.96","7.87","302;73","-81.45;-138.41","891.68","796.55","801.38","1402","10.04","24.45","242.87","3","141.49","120.47","120.31","600","14.09","21.42","246","1","20","18","",""
"1192",2024/3/1 13:34:34,"21","119.84828","31.71174","1.47","79","171","-82.79","6.24","302;73","-80.36;-118.77","882.57","804.36","807.51","1404","5.41","25.48","241.95","3","134.24","113.09","115.14","600","11.2","19.6","246","1","19","20","",""
"1193",2024/3/1 13:34:35,"21","119.84828","31.71174","0.89","79","171","-82.76","6.65","302;73","-81.14;-101.12","884.25","809.42","812.08","1408","7.12","25.85","240.33","3","126.32","105.54","109.91","600","12.06","20.36","246","1","19","19","",""
"1194",2024/3/1 13:34:36,"21","119.84828","31.71174","0.8","79","171","-82.91","6.54","302;73","-81.13;-102.64","909.85","842.15","845.22","1404","6.46","26.23","244.4","3","121.96","106.01","107.32","600","11.05","19.62","246","1","22","21","",""
"1195",2024/3/1 13:34:37,"21","119.84828","31.71174","0.44","79","171","-83.6","7.11","302;73","-82.10;-100.33","926.73","862.74","864.06","1406","4.77","26.2","242.59","3","122.05","106.23","107.39","600","11.39","19.57","246","1","19","21","",""
"1196",2024/3/1 13:34:38,"21","119.84828","31.71174","0.44","79","171","-83.8","7.47","302;73","-81.77;-98.91","954.1","886.5","889.97","1406","6.84","23.63","242.27","3","120.57","105.94","106.47","600","10.55","19.55","246","1","22","21","",""
"1197",2024/3/1 13:34:39,"21","119.84828","31.71174","0.44","79","171","-83.69","7.36","302;73","-81.18;-99.02","981.25","911.59","915.94","1404","6.27","22.03","244.55","3","120.29","105.3","106.49","600","10.03","19.54","246","1","22","21","",""
"1198",2024/3/1 13:34:40,"21","119.84828","31.71174","0.4","79","171","-83.82","6.59","302;73","-81.34;-99.83","1000.78","919.28","927.45","1406","7.61","22.05","239.36","3","121.28","105.29","106.89","600","12.68","20.08","246","1","21","20","",""
"1199",2024/3/1 13:34:41,"21","119.84828","31.71174","0","79","171","-82.71","7.53","302;73","-82.39;-97.62","1004.06","910.5","917.86","1406","8.9","22.32","244.83","3","123.65","106.71","108.93","600","11.55","20.83","246","1","19","20","",""
"1200",2024/3/1 13:34:42,"21","119.84828","31.71174","0","79","171","-82.79","7.26","302;73","-81.08;-99.38","969.83","879.65","888.79","1406","6.7","26.12","242.6","3","125.8","109.49","110.67","600","10.88","20.74","246","1","19","19","",""
"1201",2024/3/1 13:34:43,"21","119.84828","31.71174","0","79","171","-83.39","6.16","302;73","-84.88;-100.35","943.4","854.8","866.2","1404","7.69","26.29","241.64","3","127.84","113.22","113.52","600","10.35","21.13","246","1","19","20","",""
"1202",2024/3/1 13:34:44,"21","119.84828","31.71174","0","79","171","-82.47","6.37","302;73","-88.12;-99.60","929.79","868.62","868.37","1406","4.48","26.76","244.49","3","125.88","111.08","111.55","600","12.02","19.72","246","1","21","20","",""
"1203",2024/3/1 13:34:45,"21","119.84828","31.71174","0","79","171","-90.07","5.48","302;73","-86.23;-101.45","940.26","887.59","896.88","1406","3.13","26.31","243.94","3","122.03","107.89","108.49","600","10.72","19.09","246","1","21","20","",""
"1204",2024/3/1 13:34:46,"21","119.84828","31.71174","0","79","171","-82.52","9.92","302;73","-83.07;-99.16","972.63","916.33","922.53","1408","8.46","22.81","241.58","3","120.84","106.26","107.35","600","10.88","20.55","246","1","19","17","",""
"1205",2024/3/1 13:34:47,"21","119.84828","31.71174","0","79","171","-82.27","9.97","302;73","-82.02;-103.28","1008","928.26","936.48","1408","8.54","22.47","242.11","3","121.87","107.55","108.02","600","11.55","20.07","246","1","19","19","",""
"1206",2024/3/1 13:34:48,"21","119.84828","31.71174","0","79","171","-82.85","10.47","302;73","-81.30;-98.47","1036.45","931.85","939.9","1406","8.68","22.15","243.45","3","122.97","108.21","108.47","600","11.05","19.89","246","1","19","19","",""
"1207",2024/3/1 13:34:49,"21","119.84828","31.71174","0","79","171","-83.53","8.71","302;73","-83.13;-101.26","1018.29","922.75","932.53","1408","7.46","22.06","236.76","3","121.35","106.09","107.21","600","10.72","19.59","246","1","22","21","",""
"1208",2024/3/1 13:34:50,"21","119.84828","31.71174","0","79","302","-84.82","4.65","171;73","-87.16;-100.11","946.23","912.89","864.4","1406","8.14","20.21","240.73","3","114.6","99.31","101.49","600","13.67","19.1","245.08","1","22","25","",""
"1209",2024/3/1 13:34:51,"21","119.84828","31.71174","0","79","302","-82.06","23.56","171;73","-90.49;-101.77","863.88","708.54","797.96","1258","6.23","26.28","243.87","3","109.48","96.13","97.01","540","11.58","19.48","246","1","22","25","",""
"1210",2024/3/1 13:34:52,"21","119.84828","31.71174","0","79","302","-81.67","23.85","171;73","-91.96;-100.38","796.46","705.87","731.84","1248","10.65","24.86","243.14","3","110.29","96.43","97.25","538","12.14","22.11","246","1","19","25","",""
"1211",2024/3/1 13:34:53,"21","119.84828","31.71174","0","79","302","-85.43","21.27","171;73","-92.46;-100.27","813.72","736.42","742.26","1256","8.52","26.05","242.69","3","112.85","97.31","99.17","540","12.38","20.2","246","1","19","25","",""
"1212",2024/3/1 13:34:54,"21","119.84828","31.71174","0","79","302","-85.38","22.5","171;73","-90.01;-102.31","815.82","735.23","740.66","1256","8.75","25.62","243.12","3","117.52","102.1","103.71","540","10.42","21.68","246","1","19","25","",""
"1213",2024/3/1 13:34:55,"21","119.84828","31.71174","0","79","302","-85.57","19.82","171;73","-93.14;-101.09","843.45","762.04","764.34","1256","9.96","22.45","242.07","3","112.55","98.68","99","540","13.88","19.39","246","1","22","25","",""
"1214",2024/3/1 13:34:56,"21","119.84828","31.71174","0","79","302","-86.13","19.64","171;73","-94.49;-100.09","854.36","766.76","773.78","1256","9.71","24.35","241.59","3","109.92","93.47","95.87","540","14.52","19.21","246","1","22","25","",""
"1215",2024/3/1 13:34:57,"21","119.84828","31.71174","0","79","302","-88.07","19.79","171;73","-90.35;-99.67","839.3","750.86","760.22","1256","8.73","25.48","243.8","3","100.74","88.3","86.75","540","13.23","17.82","246","1","22","25","",""
"1216",2024/3/1 13:34:58,"21","119.84828","31.71174","0","79","302","-84.17","22.02","171;73","-86.73;-100.85","813.46","736.89","740.44","1256","8.52","25.73","241.01","3","93.82","77.68","80.98","538","13.45","17.16","243.67","1","22","25","",""
"1217",2024/3/1 13:34:59,"21","119.84828","31.71174","0","79","302","-81.49","22.3","171;73","-87.13;-100.05","811.01","738.26","746.07","1256","7.15","26.2","243.21","3","92.76","79.56","80.12","540","12.57","20.08","243","1","21","25","",""
"1218",2024/3/1 13:35:00,"21","119.84828","31.71174","0","79","302","-83.07","21.41","171;73","-86.70;-98.99","818.52","747.8","751.18","1256","8.87","26","241.78","3","94.3","83.45","81.47","540","13.14","19.32","243","1","22","25","",""
"1219",2024/3/1 13:35:01,"21","119.84828","31.71174","0","79","302","-82.54","22.61","171;73","-88.21;-99.32","819.01","747.94","756.13","1256","8.03","25.95","241.04","3","98.62","83.74","85.58","540","12.4","19.17","243","1","22","25","",""
"1220",2024/3/1 13:35:02,"21","119.84828","31.71174","0","79","302","-82.25","21.18","171;73","-89.45;-103.41","826.64","762.54","766.88","1256","7.01","21.72","243.32","3","97.68","83.99","84.62","540","13.03","19.34","243","1","21","25","",""
"1221",2024/3/1 13:35:03,"21","119.84828","31.71174","0","79","302","-83.42","21.53","171;73","-91.70;-103.47","846.1","778.16","779.47","1256","8.03","21.21","243.61","3","97.37","84.76","85.29","540","10.88","19.25","243","1","23","25","",""
"1222",2024/3/1 13:35:04,"21","119.84828","31.71174","0","79","302","-83.73","20.43","171;73","-88.25;-100.07","882.19","813.3","819.48","1256","6.6","22.35","242.69","3","98.87","84.87","85.33","540","15.58","18.97","245.82","1","22","25","",""
"1223",2024/3/1 13:35:05,"22","119.84828","31.71174","0","79","302","-83.32","18.15","171;73","-81.45;-97.69","888.44","803.96","808.13","1256","11.97","21.33","241.85","3","97.47","82.98","84.02","540","13.53","18.14","246","1","22","25","",""
"1224",2024/3/1 13:35:06,"21","119.84828","31.71174","0","79","302","-84","19.82","171;73","-83.69;-99.07","889.25","796.02","804.57","1256","9.44","21.5","242.91","3","97.46","82.01","82.07","540","17.94","18.02","246","1","22","25","",""
"1225",2024/3/1 13:35:07,"21","119.84828","31.71174","0","79","302","-84.85","14.23","171;73","-85.83;-101.08","868.27","771.31","776.08","1256","9.72","20.91","244.15","3","93.74","78.4","78.43","540","17.29","18.27","243.31","1","23","25","",""
"1226",2024/3/1 13:35:08,"21","119.84828","31.71174","0","79","302","-86.09","20.03","171;73","-84.68;-101.59","851","755.44","768.42","1256","7.96","24.84","241.94","3","91.49","74.53","75.04","540","18.58","17.27","243","1","23","25","",""
"1227",2024/3/1 13:35:09,"21","119.84828","31.71174","0","79","302","-81.59","20.9","171;73","-83.26;-99.20","827.21","756.22","762.53","1256","5.3","25.57","244.28","3","90.72","73.68","75.03","540","14.79","18.81","243","1","23","25","",""
"1228",2024/3/1 13:35:10,"21","119.84828","31.71174","0","79","302","-82.98","21.89","171;73","-83.20;-102.08","817.23","756.93","758.78","1256","7.79","26.25","243.67","3","93.51","78.66","79.92","540","9.31","19.17","243","1","23","25","",""
"1229",2024/3/1 13:35:11,"21","119.84828","31.71174","0","79","302","-81.4","19.45","171;73","-87.12;-101.38","822.59","749.61","759.3","1256","9.08","26.2","242.68","3","105.51","89.96","90.19","540","18.45","23.61","244.63","1","19","25","",""
"1230",2024/3/1 13:35:12,"21","119.84828","31.71174","0","79","302","-79.29","19.74","171;73","-87.70;-102.03","830.32","747.64","757.06","1256","9.02","26.21","243.6","3","120.62","106.39","104.31","540","11.91","24.85","246","1","19","25","",""
"1231",2024/3/1 13:35:13,"21","119.84828","31.71174","0","79","302","-79.05","19.49","171;73","-85.76;-101.77","823.04","742.71","752.43","1256","7.77","26.19","240.64","3","135.18","113.92","116.88","540","10.69","24.81","246","1","19","25","",""
"1232",2024/3/1 13:35:14,"21","119.84828","31.71174","0","79","302","-78.26","21.25","171;73","-86.73;-100.88","826.15","749.27","752.71","1256","9.66","26.13","242.16","3","141.52","124.81","125.28","540","10.86","25.12","246","1","19","25","",""
"1233",2024/3/1 13:35:15,"21","119.84828","31.71174","0","79","302","-78.23","21.41","171;73","-87.08;-102.30","825.97","743.81","752.17","1256","8.4","26.15","245.13","3","142.2","123.54","126.05","540","11.65","25.22","246","1","19","25","",""
"1234",2024/3/1 13:35:16,"21","119.84828","31.71174","0","79","302","-78.62","20.6","171;73","-87.69;-101.86","831.1","753.09","757.43","1256","8.12","26.35","242.15","3","142.11","123.63","125.38","540","11.35","24.61","246","1","19","25","",""
"1235",2024/3/1 13:35:17,"21","119.84828","31.71174","0","79","302","-79.02","22.23","171;73","-88.62;-101.80","836.43","760.1","767.13","1256","7.69","26.62","243.57","3","141.46","123.64","124.83","540","10.96","24.9","246","1","19","25","",""
"1236",2024/3/1 13:35:18,"21","119.84828","31.71174","0","79","302","-79.85","20.68","171;73","-86.59;-101.06","840.11","773.97","775.76","1256","5.81","26.77","245.04","3","140.18","122.89","124.06","540","11.68","24.42","246","1","19","25","",""
"1237",2024/3/1 13:35:19,"21","119.84828","31.71173","0.44","79","302","-79.17","21.03","171;73","-88.59;-101.09","842.5","770.79","777.6","1256","8.67","26.18","243.86","3","139.72","122.15","123.8","540","11.54","24.53","246","1","19","25","",""
"1238",2024/3/1 13:35:20,"21","119.84828","31.71173","0.44","79","302","-80.08","19.98","171;73","-86.81;-100.64","843.63","781.11","782.9","1256","6.05","26.92","244.33","3","139.84","122.66","123.32","540","11.71","24.86","246","1","19","25","",""
"1239",2024/3/1 13:35:21,"21","119.84828","31.71173","0.44","79","302","-79.72","20.67","171;73","-87.15;-101.41","843.53","779.8","788.17","1256","5.49","26.88","244.15","3","140.06","122.57","123.98","540","9.88","24.97","246","1","19","25","",""
"1240",2024/3/1 13:35:22,"21","119.84828","31.71173","0.4","79","302","-79.17","20.37","171;73","-86.57;-100.00","844.88","779.88","785.14","1256","10.19","26.39","243.1","3","141.12","124.61","125.3","540","10.55","24.99","246","1","19","25","",""
"1241",2024/3/1 13:35:23,"21","119.84828","31.71173","0.4","79","302","-79.53","21.59","171;73","-88.11;-101.55","836.54","758.76","763.79","1256","9.88","26.24","241.47","3","141.3","123.74","125.39","540","11.56","24.96","246","1","19","25","",""
"1242",2024/3/1 13:35:24,"21","119.84828","31.71173","0.4","79","302","-79.54","23.04","171;73","-87.88;-101.11","824.07","745.84","751.38","1256","7.47","26.08","241.27","3","141.2","124.23","125.53","540","11.25","24.82","246","1","19","25","",""
"1243",2024/3/1 13:35:25,"21","119.84828","31.71173","0.4","79","302","-79.98","20.8","171;73","-84.87;-101.06","825.33","739.06","746.21","1256","10.58","26.18","241.77","3","140.62","123.34","123.91","540","12.35","24.73","246","1","19","25","",""
"1244",2024/3/1 13:35:26,"21","119.84828","31.71173","0.44","79","302","-78.22","22.91","171;73","-87.76;-100.80","825.96","744.46","749.42","1256","8.59","26.1","243.96","3","141.36","124.95","125.33","540","9.49","25.32","246","1","19","25","",""
"1245",2024/3/1 13:35:27,"21","119.84828","31.71173","0.44","79","302","-77.66","21.47","171;73","-84.77;-101.44","833.71","749.04","753.64","1256","6.83","26.31","245.06","3","143.94","127.36","127.32","540","11.81","25.91","246","1","19","25","",""
"1246",2024/3/1 13:35:28,"21","119.84828","31.71173","0.44","79","302","-79.31","19.97","171;73","-85.30;-100.93","835.78","767.59","768.83","1256","7.07","26.65","243.59","3","145.81","128.11","129.23","540","11.52","25.23","246","1","19","25","",""
"1247",2024/3/1 13:35:29,"21","119.84828","31.71173","0.4","79","302","-79.69","22.74","171;73","-87.09;-103.53","837.73","766.99","772.89","1256","8.27","26.29","243.32","3","143.2","124.59","125.43","540","12.78","24.26","246","1","19","25","",""
"1248",2024/3/1 13:35:30,"21","119.84828","31.71173","0","79","302","-79.5","21.51","171;73","-86.16;-101.33","837.5","766.74","769.31","1256","6.66","26.41","243.89","3","140.59","122.4","123.7","540","11.27","24.94","246","1","19","25","",""
"1249",2024/3/1 13:35:31,"21","119.84828","31.71173","0","79","302","-79.66","20.45","171;73","-86.14;-102.06","836.61","765.53","771.49","1256","7.07","26.12","243.03","3","140.01","123.08","122.92","540","12.59","25.02","246","1","19","25","",""
"1250",2024/3/1 13:35:32,"21","119.84828","31.71173","0","79","302","-79.37","20.84","171;73","-87.14;-102.33","842.19","776.49","778.06","1256","7.23","26.72","243.93","3","142.21","124.93","125.54","540","10.88","25.16","246","1","19","25","",""
"1251",2024/3/1 13:35:33,"21","119.84828","31.71173","0","79","302","-79.65","20.36","171;73","-86.54;-102.31","843.95","780.17","787.63","1256","5.38","26.89","241.56","3","142.26","124.69","125.61","540","10.48","25.2","246","1","19","25","",""
"1252",2024/3/1 13:35:34,"21","119.84828","31.71173","0","79","302","-79.71","20.11","171;73","-86.04;-102.63","843.06","789.51","793.91","1256","5.7","26.92","243.05","3","142.93","127.4","127.38","540","9.17","25.14","246","1","19","25","",""
"1253",2024/3/1 13:35:35,"21","119.84828","31.71173","0","79","302","-79.71","19.87","171;73","-86.53;-100.56","846.54","790.52","798.15","1256","6.13","26.89","245.04","3","142.99","125.3","127.32","540","10.98","25.18","246","1","19","25","",""
"1254",2024/3/1 13:35:36,"21","119.84828","31.71173","0","79","302","-79.78","20.37","171;73","-86.01;-100.79","848.06","794.65","798.5","1256","5","26.9","243.54","3","143","126.11","127.47","540","10.78","25.17","246","1","19","25","",""
"1255",2024/3/1 13:35:37,"21","119.84828","31.71173","0","79","302","-79.69","20.09","171;73","-86.36;-101.97","850.4","795.51","803.3","1256","5.49","26.75","244.6","3","143.05","124.77","127.09","540","10.96","25.19","246","1","19","25","",""
"1256",2024/3/1 13:35:38,"21","119.84828","31.71173","0","79","302","-79.65","20.68","171;73","-85.70;-102.05","850.27","794.06","802.67","1256","7.39","26.66","244.05","3","143.09","126.19","127.35","540","10.03","25.14","246","1","19","25","",""
"1257",2024/3/1 13:35:39,"21","119.84828","31.71173","0","79","302","-79.67","19.57","171;73","-85.98;-100.91","849.69","786.65","797.04","1256","5.41","26.84","244.39","3","142.95","125.53","127.3","540","10.05","25.15","246","1","19","25","",""
"1258",2024/3/1 13:35:40,"21","119.84828","31.71173","0","79","302","-79.68","20.58","171;73","-86.05;-102.52","843.72","779.65","787.38","1256","7.31","26.34","244.35","3","141.93","125.71","126.41","540","12.03","24.97","246","1","19","25","",""
"1259",2024/3/1 13:35:41,"21","119.84828","31.71173","0","79","302","-79.95","20.46","171;73","-86.23;-101.37","839.56","771.67","778.71","1256","7.65","26.33","244.3","3","141.73","124.63","125.88","540","10.24","24.79","246","1","19","25","",""
"1260",2024/3/1 13:35:42,"21","119.84828","31.71173","0","79","302","-79.71","20.99","171;73","-86.75;-103.05","836.81","757.19","760.4","1256","10.77","26.34","242.51","3","139.6","123","122.95","540","12.73","24.18","246","1","19","25","",""
"1261",2024/3/1 13:35:43,"21","119.84828","31.71173","0","79","302","-79.49","21.45","171;73","-86.80;-103.76","834.41","752.94","760.29","1256","7.07","26.16","243.17","3","138.31","120.33","121.98","540","11.25","24.29","246","1","19","25","",""
"1262",2024/3/1 13:35:44,"21","119.84828","31.71173","0","79","302","-79.82","21.02","171;73","-86.34;-102.26","833.84","760.03","761.75","1256","7.28","26.36","243.13","3","138.13","121.64","122.2","540","9.53","24.75","246","1","19","25","",""
"1263",2024/3/1 13:35:45,"21","119.84828","31.71173","0","79","302","-79.34","21.95","171;73","-86.36;-100.92","830.68","760.32","766.36","1256","8.28","26.32","243.73","3","140.39","123.34","124.62","540","11.17","25.13","246","1","19","25","",""
"1264",2024/3/1 13:35:46,"21","119.84828","31.71173","0","79","302","-79.5","21.54","171;73","-86.21;-102.46","831.89","757.66","761.7","1256","8.11","26.27","241.77","3","141.24","125.31","125.05","540","12.78","25.01","246","1","19","25","",""
"1265",2024/3/1 13:35:47,"21","119.84828","31.71173","0","79","302","-79.67","21.32","171;73","-86.78;-101.45","835.05","755.74","761.38","1256","8.48","26.33","245.75","3","142.16","124.61","125.54","540","10.37","25.07","246","1","19","25","",""
"1266",2024/3/1 13:35:48,"21","119.84828","31.71173","0","79","302","-79.69","20.81","171;73","-86.43;-102.69","835.76","759.64","763.38","1256","8.36","26.39","242.84","3","141.58","123.93","124.41","540","12.92","25.07","246","1","19","25","",""
"1267",2024/3/1 13:35:49,"21","119.84828","31.71173","0","79","302","-79.67","20.69","171;73","-86.21;-103.77","837.36","760.84","765.86","1256","8","26.39","244.08","3","141.77","122.81","125.59","540","10.92","24.9","246","1","19","25","",""
"1268",2024/3/1 13:35:50,"21","119.84828","31.71173","0","79","302","-79.43","21.68","171;73","-86.21;-102.05","838.17","780.57","782.47","1256","3.77","26.88","244.19","3","142.15","124.4","125.63","540","10.52","25.17","246","1","19","25","",""
"1269",2024/3/1 13:35:51,"21","119.84828","31.71173","0","79","302","-79.61","20.83","171;73","-86.42;-102.23","844.51","791.66","797.77","1256","4.77","26.99","243.85","3","142.37","124.56","126.82","540","10.24","25.17","246","1","19","25","",""
"1270",2024/3/1 13:35:52,"21","119.84828","31.71173","0","79","302","-79.7","20.86","171;73","-86.21;-101.85","848.61","809.01","810.53","1256","5.06","26.87","244.89","3","142.91","125.87","127.21","540","10.67","25.17","246","1","19","25","",""
"1271",2024/3/1 13:35:53,"21","119.84828","31.71173","0","79","302","-79.28","21.92","171;73","-86.10;-100.44","848.94","801.39","806.37","1256","5.09","26.96","243.37","3","143.02","125.53","127.6","540","10.01","25.2","246","1","19","25","",""
"1272",2024/3/1 13:35:54,"21","119.84828","31.71173","0","79","302","-79.39","22.17","171;73","-86.56;-100.40","848.72","802.58","806.67","1256","4.82","26.97","244.65","3","142.7","126.95","127.31","540","9.77","25.19","246","1","19","25","",""
"1273",2024/3/1 13:35:55,"21","119.84828","31.71173","0","79","302","-79.21","22.03","171;73","-86.26;-100.72","846.64","796.68","802.29","1256","6.13","26.9","243.18","3","143.2","126.81","127.95","540","10.24","25.18","246","1","19","25","",""
"1274",2024/3/1 13:35:56,"21","119.84828","31.71173","0","79","302","-79.17","22.5","171;73","-86.70;-99.51","848.76","797.7","801.91","1256","6.28","26.82","244.53","3","143.15","126.37","127.66","540","11.17","25.19","246","1","19","25","",""
"1275",2024/3/1 13:35:57,"21","119.84828","31.71173","0","79","302","-79.18","23.44","171;73","-86.58;-100.57","850.54","789.15","798.61","1256","6.52","26.64","244.71","3","143.14","126.43","127.57","540","10.22","25.19","246","1","19","25","",""
"1276",2024/3/1 13:35:58,"21","119.84828","31.71173","0","79","302","-79.03","22.38","171;73","-86.51;-101.18","851.52","794.96","798.58","1256","5.15","26.94","242.98","3","143.11","126.23","127.66","540","10.05","25.18","246","1","19","25","",""
"1277",2024/3/1 13:35:59,"21","119.84828","31.71173","0","79","302","-79.1","22.52","171;73","-86.09;-100.55","851.81","794.49","799.39","1256","5.57","26.94","245.46","3","143.09","126.15","127.99","540","10.24","25.17","246","1","19","25","",""
"1278",2024/3/1 13:36:00,"21","119.84828","31.71173","0","79","302","-79.14","22.53","171;73","-86.41;-99.77","852.87","795.23","798.12","1256","6.77","26.8","243.4","3","143.03","127.08","128.13","540","9.86","25.18","246","1","19","25","",""
"1279",2024/3/1 13:36:01,"21","119.84828","31.71173","0","79","302","-79.17","22.91","171;73","-86.43;-101.05","851.59","792.89","800.34","1256","6.36","26.92","244.6","3","143.07","126.88","128.16","540","10.03","25.19","246","1","19","25","",""
"1280",2024/3/1 13:36:02,"21","119.84828","31.71173","0","79","302","-79.16","21.91","171;73","-86.63;-100.85","845.86","781.53","786.7","1256","8.2","26.46","243.14","3","143.05","125.97","127.79","540","10.4","25.17","246","1","19","25","",""
"1281",2024/3/1 13:36:03,"21","119.84828","31.71173","0","79","302","-79.14","22.97","171;73","-86.30;-101.83","841.52","773.62","778.85","1256","7.79","26.54","244.61","3","143.05","126.07","127.62","540","10.22","25.18","246","1","19","25","",""
"1282",2024/3/1 13:36:04,"21","119.84828","31.71173","0","79","302","-79.2","22.55","171;73","-85.91;-99.51","835.52","760.87","765.73","1256","8.96","26.41","242.66","3","142.62","126.09","127.44","540","9.9","25.2","246","1","19","25","",""
"1283",2024/3/1 13:36:05,"21","119.84828","31.71173","0","79","302","-79.22","21.98","171;73","-86.12;-100.05","836.85","755.04","765.3","1256","8.11","26.32","243.63","3","142.67","126.18","127.3","540","10.52","25.19","246","1","19","25","",""
"1284",2024/3/1 13:36:06,"21","119.84828","31.71173","0","79","302","-79.11","22.54","171;73","-86.38;-99.23","834.17","755.71","760.63","1256","9.16","26.31","244.57","3","142.69","126.39","127.39","540","9.92","25.19","246","1","19","25","",""
"1285",2024/3/1 13:36:07,"21","119.84828","31.71173","0","79","302","-79","22.96","171;73","-86.52;-99.24","834.27","753.49","762.23","1256","8.03","26.46","242.85","3","142.69","125.43","127.39","540","9.92","25.19","246","1","19","25","",""
"1286",2024/3/1 13:36:08,"21","119.84828","31.71173","0","79","302","-79.14","22.1","171;73","-86.13;-99.66","834.14","757.7","761.46","1256","8.41","26.43","243.33","3","143.09","126.03","127.91","540","10.07","25.19","246","1","19","25","",""
"1287",2024/3/1 13:36:09,"21","119.84828","31.71173","0","79","302","-79.14","22.47","171;73","-86.34;-98.05","836.5","758.23","764.25","1256","8.44","26.39","243.75","3","142.66","126.4","128.44","540","9.38","25.17","246","1","19","25","",""
"1288",2024/3/1 13:36:10,"21","119.84828","31.71173","0","79","302","-79.17","22.26","171;73","-86.09;-99.80","840.59","771.31","771.8","1256","6.05","26.6","245.8","3","143.03","127.39","128.3","540","9.85","25.17","246","1","19","25","",""
"1289",2024/3/1 13:36:11,"21","119.84828","31.71173","0","79","302","-79.29","22.48","171;73","-86.22;-100.71","844.87","779.58","783.93","1256","6.58","26.9","243.61","3","143.05","127","128.64","540","9.56","25.17","246","1","19","25","",""
"1290",2024/3/1 13:36:12,"21","119.84828","31.71173","0","79","302","-79.38","21.32","171;73","-85.79;-100.22","848.97","784.09","790.33","1256","8.75","26.53","243.79","3","142.86","126.85","127.98","540","10.42","25.14","246","1","19","25","",""
"1291",2024/3/1 13:36:13,"21","119.84828","31.71173","0","79","302","-79.85","20.91","171;73","-85.58;-100.90","841.59","770.18","776.31","1256","8.36","26.37","242.78","3","141.68","125.88","126.65","540","11.06","24.79","246","1","19","25","",""
"1292",2024/3/1 13:36:14,"21","119.84828","31.71173","0","79","302","-79.99","21.67","171;73","-86.40;-101.23","839.05","764.42","768.05","1256","7.4","26.29","244.07","3","140.89","124.75","125.54","540","10.98","24.49","246","1","19","25","",""
"1293",2024/3/1 13:36:15,"21","119.84828","31.71173","0","79","302","-75.27","21.37","171;73","-81.62;-97.16","828.72","746.94","755.81","1256","10.2","25.33","242.12","3","140.08","123.78","124.67","540","11.25","24.77","246","1","18","25","",""
"1294",2024/3/1 13:36:16,"22","119.84828","31.71173","0","79","302","-75.81","17.57","171;73","-82.41;-90.58","808.22","733.89","738.22","1256","8.59","24.8","242.51","3.33","138.99","122.06","123.79","540","10.38","24.03","246","1","19","25","",""
"1295",2024/3/1 13:36:17,"25","119.84828","31.71172","0.44","79","302","-80.07","11.52","171;73","-86.75;-93.42","765.88","675.04","686.55","1256","14.64","22.1","241.25","3.07","139.33","121.41","123.69","540","11.63","24.88","246","1","19","25","",""
"1296",2024/3/1 13:36:18,"30","119.84827","31.71171","0.92","79","302","-82.09","6.57","171;73","-81.11;-93.54","689.24","617.1","618.39","1256","9.27","19.65","240.37","3","141.49","125.7","126.58","540","8.33","25.69","246","1","19","25","",""
"1297",2024/3/1 13:36:19,"35","119.84827","31.7117","1.47","79","302","-83.18","2.49","171;73","-76.63;-85.35","632.65","560.63","567.2","1256","11.33","20.43","240.47","3","143.54","131.97","130.35","540","8.44","24.88","246","1","14","25","",""
"1298",2024/3/1 13:36:20,"38","119.84826","31.71169","1.85","79","171","-72.45","7.56","302;61;73;67","-70.66;-85.38;-155.65;-155.67","572.34","538.56","522.71","1258","8.88","20.06","240.36","3","138.27","124.75","127.99","540","8.23","23.88","244.53","1","12","22","",""
"1299",2024/3/1 13:36:21,"42","119.84826","31.71169","2.05","79","171","-69.92","11.41","302;61;73;67","-71.37;-82.72;-156.00;-156.00","574.65","550.11","523.15","1404","8.41","14","239.23","3","144.52","136.56","138.17","600","0","26.13","246","1","16","25","",""
"1300",2024/3/1 13:36:22,"47","119.84826","31.71168","2.25","79","171","-66.58","11.22","302","-66.61","575.68","547.86","525.66","1404","10.47","15.74","240.66","3","151.23","150.56","143.74","600","8.01","25.95","246","1","12","23","",""
"1301",2024/3/1 13:36:23,"52","119.84825","31.71168","2.59","79","171","-68.83","2.75","302;61","-62.23;-85.97","623.47","561.12","566.27","1404","8.98","19.22","241.29","3","167.52","158.98","161.92","600","2","26","246","1","12","23","",""
"1302",2024/3/1 13:36:24,"56","119.84825","31.71167","2.99","79","302","-61.59","13.99","171;61","-64.08;-86.78","590.96","564.59","523.7","1404","12.95","16.72","240.51","2.92","157.84","150.92","152.16","600","1.58","25.92","245.02","1","12","12","",""
"1303",2024/3/1 13:36:25,"61","119.84824","31.71167","3.33","79","302","-61.01","18.67","171;61","-64.12;-103.06","570.83","499.36","510.36","1258","9.08","18.37","240.42","3","151.82","144.49","147.71","540","6.75","25.64","246","1","10","8","",""
"1304",2024/3/1 13:36:26,"66","119.84824","31.71167","3.33","79","302","-61.49","14.93","171;61;219","-66.04;-89.61;-122.00","529.35","501.78","477.03","1256","8.35","18","239.91","3","144.96","129.18","133.3","540","17.87","25.49","246","1","10","8","",""
"1305",2024/3/1 13:36:27,"71","119.84824","31.71166","3.73","79","302","-64.15","10.55","171;219","-63.99;-119.68","555.6","514.12","518.32","1256","6.17","18.64","242.38","3","146.82","126.79","127.95","540","13.9","25.71","246","1","10","9","",""
"1306",2024/3/1 13:36:28,"76","119.84824","31.71166","3.33","79","302","-70.29","5.59","171;73;61;219","-64.16;-87.67;-100.14;-119.62","572.3","544.21","542.85","1256","4.37","20.3","241.87","3.07","147.64","127.48","128.78","540","6.51","25.9","246","1","11","9","",""
"1307",2024/3/1 13:36:29,"81","119.84824","31.71166","2.67","79","302","-62.3","21.1","171;70;61;67;73;219","-66.09;-84.17;-84.69;-86.55;-91.08;-120.20","591.73","537.44","541.5","1256","14.3","18.94","240.02","3.08","131.75","114.83","116.26","540","17.44","18.58","246","1","3","1","",""
"1308",2024/3/1 13:36:30,"86","119.84824","31.71166","2.09","79","302","-64.89","22.31","171;61;67;70;73;219","-70.01;-82.66;-84.34;-85.26;-104.16;-121.38","593.42","544.36","545.89","1256","6.28","19.66","239.77","3","128.22","113.14","113.33","540","12.1","24.05","246","1","12","10","",""
"1309",2024/3/1 13:36:31,"91","119.84823","31.71166","2.22","79","302","-71.1","14.16","171;61;70;67;73;219","-76.92;-82.30;-86.02;-86.34;-89.26;-119.02","605.66","561.75","556.59","1256","5.12","21.44","243.14","3","128.04","110.47","111.18","540","10.13","25.99","246","1","16","14","",""
"1310",2024/3/1 13:36:32,"96","119.84823","31.71165","2.47","79","302","-76.14","7.94","171;73;61;56;70;67;219","-83.15;-83.15;-84.50;-88.70;-89.39;-97.34;-112.20","641.37","581.41","587.86","1256","15.28","21.25","238.81","3.3","144.39","137.26","133.07","540","1.11","26.08","246","1","18","16","",""
"1311",2024/3/1 13:36:33,"101","119.84823","31.71165","2.09","79","302","-66.78","14.64","171;73;70;61;56;192;219","-80.11;-82.27;-83.45;-84.96;-92.40;-95.54;-116.89","636.18","576.05","582.22","1256","6.45","19.35","244.27","4","143.13","131.91","132.77","540","10.9","22.99","246","1","11","7","",""
"1312",2024/3/1 13:36:34,"106","119.84816","31.71166","4.3","79","302","-68.86","13.77","70;73;171;61;56;67;192;219","-82.67;-82.79;-83.88;-84.24;-89.52;-91.66;-96.02;-114.67","618.05","545.08","545.26","1256","11.66","19.36","242.3","3.23","143.6","130.43","133.8","540","9.31","25.99","246","1","14","12","",""
"1313",2024/3/1 13:36:35,"111","119.84808","31.71167","7.02","79","302","-70.1","14.55","73;171;70;61;56;67;192;219;97","-81.90;-82.63;-83.30;-83.66;-88.80;-92.90;-95.14;-116.91;-125.46","596.81","543.77","548.05","1256","6.18","19.69","241.5","3.5","143","130.59","128.46","540","9.77","25.99","246","1","15","13","",""
"1314",2024/3/1 13:36:36,"116","119.84798","31.71169","10.91","79","302","-71.49","14.33","73;61;70;171;56;67;192;219;97","-80.49;-82.70;-83.74;-84.45;-89.09;-92.27;-95.13;-115.74;-128.93","601.79","540.62","543.75","1256","10.53","20.02","241.08","3.76","149.97","133.67","133.88","540","12.63","25.88","246","1","17","15","",""
"1315",2024/3/1 13:36:37,"121","119.84785","31.71172","15.56","79","302","-72.58","14.3","73;61;70;171;56;67;192;219;97","-79.59;-82.29;-82.83;-84.05;-88.54;-91.70;-93.41;-112.52;-125.03","603.16","545.37","550.94","1256","10.12","19.55","241.39","4","147.49","129.72","130.63","540","11.25","25.22","246","1","19","17","",""
"1316",2024/3/1 13:36:38,"126","119.84772","31.71175","20.67","79","302","-74.32","11.93","73;61;70;56;67;192;171;219;97","-78.94;-81.51;-83.75;-87.15;-91.79;-94.56;-106.46;-115.77;-155.98","589.55","533.09","536.28","1256","7.37","19.85","241.6","4","145.53","127.89","129.39","540","8.74","25.1","246","1","19","19","",""
"1317",2024/3/1 13:36:39,"130","119.84757","31.71178","23.85","79","302","-74.97","9.85","73;61;70;56;171;192;219","-79.30;-81.37;-82.51;-87.98;-88.99;-96.11;-120.15","572.57","530.64","533.25","1256","4.07","22.73","244.5","4","142.82","126.25","127.71","540","10.33","24.88","246","1","19","19","",""
"1318",2024/3/1 13:36:40,"135","119.84742","31.71181","29.11","79","302","-75.56","7.78","61;73;70;56;219;97","-81.63;-82.77;-83.94;-87.57;-114.47;-125.45","570.1","548.35","551.17","1256","0.87","26.61","244.62","4","141.69","126.41","127.56","540","10.61","25.01","246","1","19","19","",""
"1319",2024/3/1 13:36:41,"140","119.84726","31.71184","34.69","79","302","-75.76","6.68","73;61;70;171;56;219;97","-81.57;-82.09;-83.78;-84.24;-88.31;-117.59;-155.98","586.42","575.31","575.23","1256","2.07","26.3","245.36","4","141.01","126.31","127","540","8.88","25.02","246","1","19","19","",""
"1320",2024/3/1 13:36:42,"145","119.8471","31.71188","40.04","79","302","-75.46","5.74","61;70;73;56;171;219","-82.26;-82.40;-83.09;-87.94;-93.73;-115.81","597.61","587.15","590.33","1256","0.88","26.75","244.93","4","141.3","126.08","127.13","540","10.12","24.92","246","1","19","19","",""
"1321",2024/3/1 13:36:43,"150","119.84693","31.71191","45.55","79","302","-76.15","5.16","61;73;70;56;219;97","-82.46;-83.21;-83.58;-87.61;-112.66;-121.99","597.38","582.07","590","1256","1.92","26.52","243.21","4","140.7","126.18","126.86","540","9.58","24.71","246","1","19","19","",""
"1322",2024/3/1 13:36:44,"155","119.84676","31.71195","54.61","79","302","-72.9","5.81","61;73;70;56;219;97","-79.54;-79.68;-83.36;-86.37;-119.73;-155.98","594.8","584.46","588.75","1256","1.3","26.85","245.06","4","139.37","123.62","125.62","540","9.55","24.14","246","1","19","17","",""
"1323",2024/3/1 13:36:45,"160","119.84659","31.71198","58.12","79","302","-72.94","5.77","61;73;70;56;219","-78.12;-81.68;-83.55;-85.55;-120.74","595.19","584.09","589.41","1256","1.28","26.81","244.03","4","137.26","122.53","123.71","540","10.46","23.92","246","1","19","17","",""
"1324",2024/3/1 13:36:46,"165","119.84643","31.71202","60.54","79","302","-77.12","9.99","61;56;70;55;73;85;26;219;192","-76.61;-83.35;-83.81;-86.25;-86.63;-86.90;-112.20;-116.48;-116.72","595.27","583.56","586.56","1256","3.69","26.76","242.89","4","133.65","118.67","120.39","540","10.29","23.11","246","1","19","20","",""
"1325",2024/3/1 13:36:47,"170","119.84627","31.71206","61.76","79","302","-74.96","10.48","61;56;70;55;85;73;26;192;219","-75.01;-83.49;-83.60;-85.73;-87.24;-87.66;-89.01;-104.94;-113.70","594.3","578.32","583.3","1256","2.39","26.56","243.71","4","134.07","119","120.27","540","10.14","23.96","246","1","19","19","",""
"1326",2024/3/1 13:36:48,"175","119.84611","31.71212","63.29","79","302","-75.63","12.78","61;70;56;26;55;85;73;219;192","-72.94;-82.77;-83.14;-87.88;-90.05;-91.87;-92.70;-112.13;-133.13","591.68","569.61","574.87","1256","5.38","26.19","242.66","3.92","131.05","117.37","117.96","540","10.11","22.81","246","1","19","19","",""
"1327",2024/3/1 13:36:49,"180","119.84598","31.7122","62.43","79","302","-74.36","11.15","61;56;70;192;26;73;55;85;219","-77.98;-84.41;-84.95;-85.68;-86.60;-88.92;-89.56;-113.11;-114.27","588.87","566.29","571.94","1256","2.17","26.06","246.27","4","131.75","116.15","117.57","540","11.42","23.38","246","1","19","18","",""
"1328",2024/3/1 13:36:50,"185","119.84587","31.71228","62.11","79","302","-76.74","10.24","61;56;171;26;70;85;73;55;192;219","-77.82;-82.95;-87.08;-87.09;-87.45;-88.38;-88.98;-90.22;-104.26;-123.09","590.25","573.84","577.58","1256","0.95","26.5","245.87","4","130.83","114.67","116.82","540","9.68","23.57","246","1","19","20","",""
"1329",2024/3/1 13:36:51,"190","119.84577","31.71237","61.82","79","302","-75.49","7.49","61;85;56;26;73;70;55;171;219;97;192","-77.23;-82.16;-83.41;-85.54;-85.55;-86.00;-93.88;-96.16;-109.24;-119.69;-147.70","593.47","580.98","587.92","1256","1.64","26.9","243.75","3.41","133.87","119.23","119.31","540","10.59","24.68","246","1","19","18","",""
"1330",2024/3/1 13:36:52,"195","119.84567","31.71247","62","79","302","-73.92","4.58","61;56;85;171;73;70;26;192;219;97;55","-76.78;-83.22;-91.80;-92.26;-93.43;-94.61;-95.45;-98.98;-113.43;-119.69;-133.93","596.06","585.61","590.44","1256","2.09","26.65","243.8","3.76","137.7","123.06","123.54","540","9.39","25.18","246","1","19","18","",""
"1331",2024/3/1 13:36:53,"200","119.84557","31.71257","61.27","79","302","-75.17","1.7","61;70;26;219;97","-75.37;-94.91;-95.27;-109.79;-121.70","597.34","583.39","589.43","1256","2.57","26.66","244.06","3.75","141.21","124.96","125.81","540","11.42","25.23","246","1","19","19","",""
"1332",2024/3/1 13:36:54,"205","119.84546","31.71266","60.38","79","302","-75.84","0.15","61;171;26;70;219;97","-73.78;-81.05;-88.88;-90.89;-111.12;-122.63","601.13","588.55","592.5","1256","1.76","26.85","244.74","3.53","142.72","126.63","127.5","540","9.25","25.17","246","1","19","19","",""
"1333",2024/3/1 13:36:55,"210","119.84535","31.71277","60.13","79","302","-76.01","-0.97","61;56;171;70;192;26;219;97","-74.62;-82.85;-83.82;-86.84;-87.80;-95.69;-108.12;-121.05","597.43","581.58","586.31","1256","3.66","26.54","241.44","3.66","142.63","125.83","126.83","540","11.09","24.69","246","1","19","18","",""
"1334",2024/3/1 13:36:56,"215","119.84523","31.71287","59.94","79","302","-80.33","-2.33","61;56;70;171;192;26;219;97","-76.86;-83.33;-85.27;-85.60;-86.72;-92.96;-114.50;-121.91","595.73","582.74","584.81","1256","1.52","26.94","242.5","4","138.42","122.14","123.32","540","10.59","23.22","246","1","19","22","",""
"1335",2024/3/1 13:36:57,"220","119.84512","31.71298","60.04","79","61","-82.5","-3.32","302;56;192;70;26;171;73","-80.71;-83.20;-85.64;-86.48;-86.84;-93.09;-96.80","573.55","577.63","562.34","1256","5.41","23.06","239.53","3.18","130.52","115.97","115.97","540","11.61","23.38","243.56","1","19","22","",""
"1336",2024/3/1 13:36:58,"225","119.84502","31.71309","59.96","79","61","-77.72","6.07","302;56;192;70;26;171;159;219","-81.70;-83.67;-84.10;-86.45;-87.08;-90.71;-93.66;-113.10","507.83","364.62","478.7","1272","14.32","13.75","239.46","3.91","127.49","115.15","115.19","518","6.63","25.94","231.16","1","19","25","",""
"1337",2024/3/1 13:36:59,"230","119.8449","31.7132","59.98","79","61","-78.03","5.58","302;56;192;70;171;159;26;219","-81.37;-84.27;-84.59;-85.86;-90.50;-97.07;-103.27;-110.83","440.39","367.28","400.68","1272","9.82","14.07","237.65","3","130.6","116.17","118.13","548","10.98","25.92","246","1","19","25","",""
"1338",2024/3/1 13:37:00,"235","119.8448","31.71331","61.27","79","61","-79.5","5.15","56;302;70;192;171;26;219;159","-84.09;-84.32;-84.66;-84.95;-100.05;-102.80;-115.59;-121.59","434.27","396.03","400.82","1272","7.07","16.05","241.22","3","140.82","123.31","126.98","552","10.56","25.66","246","1","19","25","",""
"1339",2024/3/1 13:37:01,"240","119.84469","31.71342","62.19","79","61","-81.75","3.67","302;192;171;56;70;159;219;97","-84.08;-84.98;-85.02;-85.08;-85.19;-107.45;-110.05;-124.30","465.51","424.63","427.1","1270","11.72","17.15","240.71","3.69","147.77","127.72","131.64","552","9.83","24.99","246","1","19","25","",""
"1340",2024/3/1 13:37:02,"245","119.84459","31.71354","61.86","79","61","-87.92","-0.29","302;70;56;192;171;26;219;159;97","-84.77;-84.84;-85.00;-86.23;-89.98;-90.01;-115.23;-121.92;-124.30","513.65","487.19","486.44","1273","0.08","24.69","244.49","3.75","146.25","129.9","131.3","552","8.24","24.64","246","1","19","25","",""
"1341",2024/3/1 13:37:03,"250","119.84449","31.71367","62.83","79","61","-74.16","6.84","70;56;26;67;85;192;302;219;97;171;159","-83.26;-84.36;-85.89;-86.38;-87.72;-89.09;-103.45;-121.13;-129.23;-137.15;-140.40","546.64","524.83","528.11","1260","1.03","26.35","244.95","3.23","131.93","116.98","116.75","549","16.21","19.26","246","1","13","23","",""
"1342",2024/3/1 13:37:04,"255","119.84441","31.71379","64.32","79","61","-73.68","7.18","70;26;56;67;192;219;97;85;302","-82.83;-83.59;-84.38;-87.56;-88.76;-119.70;-130.02;-131.93;-132.97","578.97","576.28","576.66","1269","0.08","26.75","242.76","3","127.12","110.53","113.36","552","8.19","23.24","246","1","19","25","",""
"1343",2024/3/1 13:37:05,"259","119.84433","31.71392","64.42","79","61","-74.86","5.13","26;70;56;67;192;302;85;219;97","-79.58;-84.01;-84.05;-88.68;-88.77;-103.17;-103.32;-117.48;-126.23","600.4","590.72","596.05","1269","1.41","26.39","247.47","3.15","123.81","108.93","108.32","552","12.34","22.93","246","1","19","25","",""
"1344",2024/3/1 13:37:06,"264","119.84425","31.71405","64.59","79","61","-78.25","3.4","26;70;56;192;67;219;97;302;171","-79.07;-83.69;-84.24;-88.88;-89.47;-121.72;-128.55;-149.10;-151.37","602.94","594.13","596.52","1272","1.49","26.77","242.68","3.41","128.08","115.08","114.4","552","10.7","21.15","246","1","19","25","",""
"1345",2024/3/1 13:37:07,"270","119.84417","31.71417","64.3","79","61","-81.83","0.86","26;70;56;67;219;97;171","-78.19;-83.27;-83.36;-90.12;-120.09;-128.55;-138.60","605.14","590.4","597.47","1272","1.89","26.65","243.86","3","120.71","107.74","107.47","552","8.9","19.49","246","1","22","25","",""
"1346",2024/3/1 13:37:08,"274","119.84409","31.71429","64.25","79","61","-87.24","-0.55","26;70;56;171;67;219;97","-78.18;-82.68;-83.55;-86.92;-91.22;-118.11;-129.02","602.7","591.46","593.66","1272","0.78","26.85","244.01","3","113","100.12","101.69","552","9.28","19.26","245.86","1","22","25","",""
"1347",2024/3/1 13:37:09,"279","119.84402","31.71442","63.94","79","61","-80.89","3.98","26;56;70;171;219;97","-77.73;-82.75;-83.28;-85.94;-123.22;-129.02","604.28","582.81","587.06","1272","5.83","24.47","242.78","3.3","109.5","96.98","98.46","552","10.48","19.21","245.92","1","22","25","",""
"1348",2024/3/1 13:37:10,"284","119.84395","31.71455","64.11","79","61","-81.08","5.37","26;56;70;171;219;97","-77.39;-82.80;-83.99;-84.58;-122.64;-127.44","606.37","581.02","586.53","1270","4.96","24.47","245.12","3.83","107.54","95.88","96.28","552","10.56","19.04","246","1","22","25","",""
"1349",2024/3/1 13:37:11,"289","119.84387","31.71468","64.22","79","26","-76.53","7.44","56;171;70;61;219","-82.05;-82.41;-83.31;-84.14;-121.64","534.45","581.02","497.9","1269","12.15","13.96","238.9","4","108.6","96.33","97.08","552","11.96","22.73","245","1","19","25","",""
"1350",2024/3/1 13:37:12,"294","119.8438","31.71481","64.04","79","26","-75.07","8.79","171;56;61;70;219;97","-82.81;-84.00;-85.19;-86.05;-113.51;-122.98","455.04","353.65","418.41","1258","9.56","13.47","240.52","4","105.78","92.64","94.67","497","10.14","24.63","229.67","1","19","25","",""
"1351",2024/3/1 13:37:13,"299","119.84372","31.71494","63.66","79","26","-73.89","9.77","171;56;70;61;192;219;97","-81.55;-81.95;-85.32;-86.95;-87.69;-116.05;-121.52","395.56","380.22","362.08","1258","6.26","15.55","240.75","4","119.28","106.37","106.63","540","10.18","25.2","246","1","19","25","",""
"1352",2024/3/1 13:37:14,"304","119.84365","31.71508","63.4","79","26","-72.85","9.89","171;56;70;192;61;219;97","-80.49;-81.61;-86.16;-86.47;-90.02;-107.90;-121.52","450.17","433.81","426.83","1256","4.83","17.24","243.51","4","128.74","126.58","114.87","540","10.43","25.2","246","1","19","25","",""
"1353",2024/3/1 13:37:15,"309","119.84358","31.71521","63.59","79","26","-72.78","10.95","171;56;70;192;61;219;97","-80.33;-81.29;-86.78;-86.95;-90.63;-112.82;-122.55","510.69","483.47","481.01","1258","8.74","18.55","241.39","4","142.98","126.21","128.37","540","9.49","25.12","246","1","19","25","",""
"1354",2024/3/1 13:37:16,"314","119.84351","31.71534","63.45","79","26","-74.39","10.75","56;171;192;70;61;219;97","-79.99;-80.91;-84.87;-88.62;-94.80;-112.41;-155.98","568.62","528.31","532.37","1258","8.9","20.94","240.76","4","142.92","126.22","127.99","540","10.4","25.16","246","1","19","25","",""
"1355",2024/3/1 13:37:17,"318","119.84344","31.71545","62.59","79","26","-74.52","8.92","171;56;192;70;159;61;219","-79.17;-79.36;-84.08;-91.52;-92.61;-92.98;-114.48","607.34","552.45","559.12","1258","9.66","20.58","240.78","4","142.47","125.42","127.1","540","10.78","25.15","246","1","19","25","",""
"1356",2024/3/1 13:37:18,"318","119.84337","31.71556","62.07","79","26","-74.43","7.65","171;56;192;61;70;219;97;159","-78.90;-79.84;-83.18;-88.30;-88.68;-117.23;-120.53;-147.00","627.29","577.55","579.82","1262","6.56","20.33","242.19","4","142.38","126.43","126.76","540","10.33","25.12","246","1","19","25","",""
"1357",2024/3/1 13:37:19,"317","119.84329","31.71567","61.72","79","26","-74.46","8.08","171;56;192;70;61;159;219;97","-78.18;-79.68;-82.61;-88.91;-97.35;-103.03;-113.31;-119.77","636.95","582.33","588.65","1264","9.93","20.9","239.59","4","142.53","126.11","126.43","540","11.46","25.23","246","1","19","25","",""
"1358",2024/3/1 13:37:20,"316","119.84322","31.71578","61.01","79","26","-74.25","7.71","171;56;192;159;70;61;219;97","-76.81;-79.23;-81.78;-86.63;-87.93;-111.85;-111.98;-120.84","620.37","557.58","558.75","1262","15.56","15.97","237.39","4","143.27","126.55","127.29","540","10.52","25.43","246","1","19","25","",""
"1359",2024/3/1 13:37:21,"315","119.84318","31.71589","59.88","79","26","-73.12","8.32","171;56;192;70;159;219;61;97","-75.58;-78.65;-81.44;-84.78;-88.78;-114.00;-115.91;-122.41","610.06","533.95","544.79","1260","9.81","19.83","237.51","4","145.35","128.28","129.26","540","10.24","25.68","246","1","19","25","",""
"1360",2024/3/1 13:37:22,"315","119.84312","31.716","58.87","79","26","-73.08","8.91","171;56;192;147;70;61;219;97;159","-76.01;-78.74;-81.00;-87.76;-88.96;-90.91;-112.69;-120.95;-149.95","573.32","513.15","513.3","1262","9.22","18.5","240.47","4","146.52","130.82","131.54","540","9.19","25.77","246","1","19","25","",""
"1361",2024/3/1 13:37:23,"315","119.84306","31.71611","57.99","79","26","-77.01","6.84","56;171;192;70;159;85;147;61;219;97","-77.91;-81.21;-84.82;-89.38;-89.66;-89.69;-90.99;-100.81;-111.92;-155.98","572.47","517.23","523.66","1258","9.86","19.43","242.66","4","143.62","127.21","127.73","540","13.27","23.74","246","1","19","25","",""
"1362",2024/3/1 13:37:24,"314","119.84306","31.71625","57.72","79","26","-72.22","8.71","171;56;192;147;70;159;219;97;85","-72.49;-77.80;-77.91;-83.23;-87.52;-87.97;-112.28;-123.18;-153.75","583.19","533.63","538.33","1260","8.09","20.45","239.53","4","143.72","125.34","126.44","540","12.92","25.85","246","1","19","25","",""
"1363",2024/3/1 13:37:25,"315","119.84305","31.71638","56.71","79","26","-72.98","7.88","171;192;56;147;302;70;85;219;97;159","-73.18;-77.21;-81.45;-83.87;-84.43;-88.52;-92.58;-110.64;-122.82;-132.23","605.56","553.07","559.03","1262","8.33","20.11","239.33","4","142.02","122.33","124.44","540","9.94","25.34","245.74","1","19","25","",""
"1364",2024/3/1 13:37:26,"314","119.84303","31.71651","56.25","79","26","-74.02","6.73","171;192;56;61;302;70;159;219;97","-75.98;-77.45;-78.33;-78.78;-86.82;-87.09;-96.32;-112.88;-118.77","609.55","551.7","557.45","1262","10.61","19.07","240.32","4","145.1","128.81","128.1","540","10.65","25.23","245.8","1","19","25","",""
"1365",2024/3/1 13:37:27,"314","119.843","31.71664","56.58","79","26","-73.83","6.97","171;192;56;159;147;302;70;61;219;97","-76.28;-76.46;-77.67;-80.33;-81.84;-86.23;-88.70;-95.79;-113.48;-155.98","590.25","535.74","539.74","1262","7.54","21.47","241.75","3.83","144.01","127","128.79","540","9.65","25.28","246","1","19","25","",""
"1366",2024/3/1 13:37:28,"315","119.84298","31.71679","57.73","79","26","-74.14","6.29","171;192;56;147;159;302;70;61;219","-76.52;-76.74;-77.79;-82.19;-82.32;-87.13;-90.08;-97.30;-111.29","576.4","540.66","542.14","1260","0","26.23","245.53","4","143.75","127.5","128.41","540","10.24","25.28","246","1","19","25","",""
"1367",2024/3/1 13:37:29,"317","119.84296","31.71694","58.68","79","26","-74.94","5.96","171;192;56;147;302;70;159;219;61","-76.15;-76.84;-78.66;-82.60;-86.03;-87.71;-91.37;-114.92;-146.67","582.6","560.92","563.88","1262","2.67","26","242.99","3.16","143.49","126.71","128.53","540","10.31","25.29","246","1","19","25","",""
"1368",2024/3/1 13:37:30,"317","119.84292","31.71707","59.09","79","26","-75.66","5.07","171;192;56;159;302;70;219;97;61","-76.28;-76.74;-79.13;-83.30;-85.35;-87.12;-113.59;-120.25;-130.31","594.9","582.66","585.51","1262","1.76","26.76","246.14","3","143.43","127.79","128.17","540","10.48","25.25","245.97","1","19","25","",""
"1369",2024/3/1 13:37:31,"318","119.84291","31.71721","60.2","79","26","-75.85","4.67","192;171;56;159;70;302;219;97","-77.16;-77.66;-78.71;-79.94;-87.05;-88.05;-112.20;-121.67","596.89","574.92","582.36","1260","2.74","25.46","242.8","3","143.67","126.79","128.26","540","11.02","25.17","246","1","19","25","",""
"1370",2024/3/1 13:37:32,"318","119.84288","31.71736","61.56","79","26","-75.65","4.45","171;56;192;159;70;219;97","-75.68;-77.14;-77.58;-80.52;-87.68;-111.70;-120.77","581.59","556.08","559.25","1264","7.98","21.37","241.43","4","143.44","127.17","127.87","540","10.62","25.42","246","1","19","25","",""
"1371",2024/3/1 13:37:33,"318","119.84284","31.71751","63.02","79","26","-75.22","4.64","171;56;192;159;70;219;97","-75.34;-77.02;-77.20;-79.51;-85.83;-110.33;-120.52","577.31","548.65","553.75","1262","3.46","26.34","243.34","4","144.1","126.08","127.88","540","11.33","25.29","245.98","1","19","25","",""
"1372",2024/3/1 13:37:34,"318","119.84282","31.71765","63.11","79","26","-75.35","5.66","171;192;56;159;70;219;97","-76.35;-77.70;-78.13;-81.05;-87.31;-113.33;-121.63","579.64","555.2","559.92","1262","1.43","26.6","243.25","4","143.05","125.82","126.82","540","11.75","24.64","246","1","19","25","",""
"1373",2024/3/1 13:37:35,"318","119.84279","31.7178","64","79","26","-76.28","4.8","192;56;171;159;70;219;97","-77.37;-78.13;-78.76;-81.70;-87.23;-110.62;-120.93","592.54","572","577.9","1260","3.77","26.01","243.29","4","139.03","121.14","123.3","540","10.15","23.48","245.98","1","19","25","",""
"1374",2024/3/1 13:37:36,"317","119.84279","31.71794","64.39","79","26","-76.92","4.9","192;56;171;159;70;219;97","-78.01;-78.53;-80.53;-82.09;-84.76;-109.98;-155.98","590.81","577.25","578.76","1258","1.73","26.77","242.26","4","134.92","117.71","120.09","540","10.1","23.35","246","1","19","25","",""
"1375",2024/3/1 13:37:37,"319","119.84275","31.7181","65.76","79","26","-79.28","2.35","192;56;171;159;70;219;97","-77.84;-78.78;-81.73;-82.28;-84.46;-111.85;-119.10","589.1","571.8","578.2","1258","2.64","25.56","244.83","4","130.97","116.28","117.09","540","9.96","23.24","246","1","19","25","",""
"1376",2024/3/1 13:37:38,"321","119.84268","31.71822","65","79","26","-81.7","1.04","192;56;171;159;70;219;97","-77.65;-78.73;-81.71;-84.31;-85.55;-111.70;-118.38","586.57","571.82","574.18","1260","3.41","25.39","242.97","4","130.2","115.31","116.92","540","8.75","23.04","246","1","19","25","",""
"1377",2024/3/1 13:37:39,"322","119.84264","31.71837","65.13","79","26","-76.01","5.48","192;56;171;70;61;219;159;97","-76.70;-79.46;-81.09;-85.33;-94.24;-112.87;-112.98;-121.52","585.6","565.51","568.65","1258","3.91","26.25","242.46","4","129.59","116.3","116.73","540","9.38","23.27","246","1","19","25","",""
"1378",2024/3/1 13:37:40,"321","119.84261","31.71852","65.93","79","26","-77.33","5.12","192;70;171;56;159;61;219;97","-76.00;-79.80;-80.91;-82.01;-86.71;-92.46;-113.96;-123.00","586.74","569.26","570.86","1262","2.71","26.36","242.78","4","129.01","114.68","115.6","540","10.63","22.44","245.97","1","19","25","",""
"1379",2024/3/1 13:37:41,"322","119.84255","31.71867","66.75","79","192","-77.86","1.87","70;171;26;56;159;61","-80.75;-81.16;-81.41;-82.18;-89.40;-93.72","538.36","564.55","503.05","1261","14.62","18.9","239.05","3.9","120.08","107.91","107.73","540","11.32","19.6","244.15","1","22","25","",""
"1380",2024/3/1 13:37:42,"322","119.84249","31.71881","66.6","79","192","-81.6","1.54","26;70;56;171;61","-79.73;-79.96;-80.27;-80.91;-99.20","482.74","370.18","445.56","1400","8","17.91","246.27","4","114.99","102.23","102.34","600","11.14","19.32","242.78","1","22","26","",""
"1381",2024/3/1 13:37:43,"321","119.84237","31.71892","66.44","79","192","-81.54","1.84","26;70;171;56;159;61","-79.23;-80.64;-81.04;-81.99;-91.10;-97.16","437.62","386.19","384.12","1400","13.51","19.09","242.03","4","112.77","99.36","100.49","600","10.86","19.23","246","1","22","24","",""
"1382",2024/3/1 13:37:44,"320","119.84227","31.71904","65.84","79","26","-79.21","1.97","171;192;56;70;159;61","-78.04;-80.46;-82.28;-84.36;-90.32;-131.04","476.49","407.7","430.55","1403","11.63","20.76","242.22","4","115.11","101.4","102.4","600","9.98","19.36","245.55","1","22","21","",""
"1383",2024/3/1 13:37:45,"318","119.84216","31.71914","65.68","79","26","-75.07","4.42","171;56;192;70;159;61;219","-77.06;-80.50;-82.17;-85.04;-90.38;-97.13;-116.03","443.84","407.7","393.31","1324","11.76","10.01","240.73","4","120.7","106.39","107.54","558","12.3","23.97","245.54","1","19","25","",""
"1384",2024/3/1 13:37:46,"318","119.84205","31.71924","65.93","79","26","-73.96","4.45","171;56;192;70;147;159;61;219;97","-76.36;-79.59;-84.30;-87.50;-89.59;-90.52;-103.71;-120.59;-121.59","433.72","370.49","389.32","1258","8.98","14.81","242.33","4","123.07","108.78","110.11","536","9.47","24.37","241.31","1","19","25","",""
"1385",2024/3/1 13:37:47,"317","119.84192","31.71934","65.28","79","26","-74.44","3.51","171;56;192;70;159;147;61;219;97","-75.99;-79.14;-85.20;-86.52;-89.20;-90.25;-96.62;-119.24;-155.98","446.65","414.67","417.06","1258","3.23","22.46","244.46","4","132.2","115.73","118.07","540","10.37","24.37","246","1","19","25","",""
"1386",2024/3/1 13:37:48,"317","119.8418","31.71943","65.38","79","26","-73.28","4.34","171;56;192;70;180;159;147;219","-75.45;-79.23;-84.89;-87.32;-87.42;-89.37;-91.70;-118.68","521.09","509.12","500.48","1259","1.92","26.7","243.36","4","135.74","123.92","122.1","540","9.58","25.17","245.94","1","19","25","",""
"1387",2024/3/1 13:37:49,"317","119.84167","31.71954","65.46","79","26","-73.12","4.13","171;56;192;180;70;159;219","-77.20;-78.87;-82.66;-85.26;-87.36;-88.78;-121.16","572.52","566.43","561.87","1258","1.84","26.63","243.76","4","140.94","125.41","125.7","540","11.47","25.2","245.98","1","19","25","",""
"1388",2024/3/1 13:37:50,"317","119.84155","31.71965","65.37","79","26","-73.22","4.17","56;171;192;70;180;219","-79.92;-81.20;-82.38;-83.12;-86.10;-120.65","598.66","580.58","587.98","1261","1.99","26.67","243.68","4","142.6","125.36","127.35","540","10.16","25.17","246","1","19","25","",""
"1389",2024/3/1 13:37:51,"317","119.84144","31.71974","64.1","79","26","-75.67","2.89","171;56;70;147;192;180;219","-78.99;-79.80;-82.77;-83.12;-84.23;-86.30;-119.98","599.69","584.73","587.56","1260","1.58","26.78","244.83","4","141","124.55","124.83","540","11.54","24.12","245.98","1","19","25","",""
"1390",2024/3/1 13:37:52,"317","119.84132","31.71984","63.85","79","26","-76.07","2.87","171;56;70;192;147;180;219","-78.78;-81.37;-81.70;-82.44;-84.32;-85.80;-118.42","597.58","571.99","581.2","1262","6.49","26","241.77","4","140.39","124.19","125.07","540","9.55","25.1","246","1","19","25","",""
"1391",2024/3/1 13:37:53,"317","119.84122","31.71997","63.91","79","26","-76.52","2.51","171;192;147;56;180;70;219","-77.91;-81.84;-82.82;-83.07;-84.84;-85.10;-118.79","595.45","573.37","574.95","1264","2.69","26.62","243.27","4","140.29","124.15","125.11","540","11.43","25","245.75","1","19","25","",""
"1392",2024/3/1 13:37:54,"317","119.8411","31.72008","64.05","79","26","-76.49","2.36","171;56;147;159;180;70;192;219","-78.50;-78.53;-80.25;-83.95;-85.82;-89.81;-92.58;-117.13","592.22","566.67","569.25","1262","2.83","26.56","241.82","4","141.87","124.83","127","540","9.94","25.21","245.95","1","19","25","",""
"1393",2024/3/1 13:37:55,"318","119.84101","31.7202","64.44","79","26","-76.82","0.05","56;147;171;180;70;192;219","-79.23;-80.84;-80.98;-88.64;-92.20;-97.16;-120.77","594.71","578.29","578.15","1260","2.62","26.59","243.89","4","142.51","125.85","126.92","540","10.03","25.12","245.94","1","19","25","",""
"1394",2024/3/1 13:37:56,"320","119.84095","31.72034","64.98","79","26","-77.5","-0.54","56;171;147;159;180;70;192;219","-77.20;-77.73;-80.81;-81.17;-87.91;-91.55;-100.17;-120.52","596.05","578.61","580.55","1262","2.08","26.7","244.15","4","140.65","125.28","125.23","540","10.71","24.31","245.85","1","19","25","",""
"1395",2024/3/1 13:37:57,"321","119.84091","31.72047","64.33","79","26","-81.52","-6.05","56;147;171;159;70;192;180;219","-75.48;-81.12;-82.88;-83.30;-88.66;-100.34;-118.77;-123.80","597.41","576.88","581.24","1260","4.27","26.38","243.07","4","134.79","119.82","119.81","540","11.63","21.9","246","1","19","25","",""
"1396",2024/3/1 13:37:58,"320","119.84089","31.72061","63.75","79","26","-84","-7.79","56;147;159;171;70;192;219","-74.62;-81.42;-83.65;-83.91;-87.30;-91.98;-120.07","594.46","572.96","578.17","1260","3.97","26.46","243.06","4","124.11","106.74","110.27","540","10.03","20.25","245.97","1","19","25","",""
"1397",2024/3/1 13:37:59,"321","119.84091","31.72074","63.44","79","56","-83.78","-9.13","171;70;147;159;192","-80.73;-81.27;-81.49;-81.74;-95.31","592.49","549.62","576.1","1258","2.54","26.56","242.5","4","103.19","85.34","91.16","540","12.53","19.68","244.54","1","19","25","",""
"1398",2024/3/1 13:38:00,"320","119.84093","31.72086","62.15","79","56","-77.77","3.67","159;147;171;70;192;219","-80.92;-81.48;-83.22;-85.25;-87.66;-121.13","233.45","383.48","167.66","1099","17.82","9.73","235.4","4","92.78","85.34","82.13","509","12.98","19.77","244.55","1","19","25","",""
"1399",2024/3/1 13:38:01,"321","119.84098","31.72098","62.03","79","56","-80","1.88","70;159;147;171;192;219","-80.80;-81.45;-81.80;-82.84;-86.38;-121.46","371.68","353.82","310.29","1249","10.31","23.65","239.35","4","91.77","92.82","80.07","552","14.1","19.43","246","1","22","25","",""
"1400",2024/3/1 13:38:02,"320","119.84101","31.72111","61.57","79","56","-75.85","2.71","70;147;171;159;26;192;180;219;97","-76.52;-80.52;-83.38;-86.46;-88.96;-90.00;-90.34;-122.76;-125.21","473.88","425.65","422.41","1248","3.76","26.69","243.45","4","105.87","95.76","93.19","552","10.38","20.13","246","1","19","25","",""
"1401",2024/3/1 13:38:03,"321","119.84105","31.72123","60.21","79","56","-75.03","2.71","70;159;147;171;180;26;192;219;97","-75.24;-80.21;-81.74;-85.62;-90.05;-91.35;-98.66;-122.16;-125.21","571.05","550.84","539.14","1249","4.2","26.55","244.34","4","111.4","97.78","98.43","552","10.51","19.87","246","1","19","25","",""
"1402",2024/3/1 13:38:04,"322","119.84109","31.72134","59.04","79","56","-75.77","1.56","70;159;147;171;26;219;97","-77.55;-80.53;-81.52;-85.86;-92.49;-120.71;-125.70","591.05","569.16","573.88","1246","1.2","26.83","243.01","4","111.68","98.58","99.72","552","10.56","19.35","246","1","20","25","",""
"1403",2024/3/1 13:38:05,"321","119.84115","31.72148","58.95","79","56","-76.99","2.42","70;159;147;171;26;219;97","-80.09;-80.31;-81.45;-86.09;-90.98;-123.09;-126.02","591.71","571.92","577.12","1248","3.28","26.46","243.1","4","109.96","96.79","98.28","552","10.74","19.27","246","1","22","25","",""
"1404",2024/3/1 13:38:06,"320","119.84119","31.72162","58.73","79","56","-78.06","1.32","159;70;147;171;26;219;97","-80.94;-81.84;-81.92;-86.58;-86.76;-123.40;-155.98","588.12","566.34","572.17","1250","3.7","26.76","241.21","4","108.97","96.57","97.41","552","10.13","19.25","246","1","22","25","",""
"1405",2024/3/1 13:38:07,"321","119.84121","31.72175","58.36","79","56","-78.92","1.26","159;147;70;171;26;219","-79.87;-82.11;-82.16;-86.63;-91.29;-123.15","585.51","562.28","565.19","1250","4.53","26.56","240.7","4","109.12","96.33","97.44","552","10.78","19.31","246","1","22","25","",""
"1406",2024/3/1 13:38:08,"320","119.8412","31.7219","58.81","79","56","-80.6","-1.55","147;159;70;171;26;219","-80.35;-80.62;-81.45;-85.41;-92.20;-121.03","583.64","553.99","561.79","1248","4.82","26.6","240.59","4","109.65","97.43","97.93","552","10.52","19.24","246","1","22","25","",""
"1407",2024/3/1 13:38:09,"320","119.84121","31.72205","59.85","79","56","-83.28","-3.41","147;159;70;171;26;219","-79.85;-82.38;-82.62;-85.16;-86.68;-121.76","582.56","556.69","559.9","1248","3.35","26.53","242.99","4","109.72","96.79","97.65","552","10.86","19.23","246","1","22","25","",""
"1408",2024/3/1 13:38:10,"320","119.8412","31.72219","60.7","79","56","-85.67","-5.39","147;70;159;26;171;219","-79.76;-81.58;-83.02;-87.16;-87.23;-121.79","572.92","543.07","547.91","1248","7.37","25.8","237.29","4","109.76","96.62","97.54","552","11.2","19.39","246","1","22","25","",""
"1409",2024/3/1 13:38:11,"321","119.8412","31.72233","60.52","79","56","-86.72","-6.56","147;70;159;26;171;219","-79.80;-82.04;-82.19;-86.98;-90.31;-119.90","569.07","538.3","542.07","1248","5.42","26.1","239.79","4","110.87","97.64","98.82","552","10.6","19.76","246","1","19","25","",""
"1410",2024/3/1 13:38:12,"322","119.84119","31.72246","61.16","79","56","-78.78","3.84","147;70;159;171;26;219","-79.81;-81.41;-84.52;-86.07;-86.37;-121.38","559.99","518.51","521.08","1248","11.15","24.83","239.49","4","108.83","95.06","96.83","552","10.7","19.4","246","1","18","25","",""
"1411",2024/3/1 13:38:13,"322","119.84118","31.7226","61.57","79","56","-77.17","4.02","147;70;159;26;219;171","-78.87;-80.24;-85.13;-89.98;-120.72;-124.43","559.91","519.07","518.22","1248","7.29","25.59","239.88","4","113.02","100.47","101.25","552","9.61","22.13","246","1","19","25","",""
"1412",2024/3/1 13:38:14,"323","119.84118","31.72274","61.34","79","56","-78.08","4.02","70;147;159;171;26;219","-77.63;-80.49;-86.02;-88.14;-89.14;-120.93","558.59","509.58","515.99","1249","5.7","25.46","241.96","4","118.59","103.68","106.59","552","9.66","22.17","246","1","19","25","",""
"1413",2024/3/1 13:38:15,"322","119.84118","31.72288","62.59","79","56","-77.95","4.26","70;147;159;171;219","-79.42;-81.14;-86.04;-86.83;-120.75","559.92","524.93","529.92","1247","5.36","25.63","240.63","4","124.79","112.3","112.43","552","9.9","21.93","246","1","19","25","",""
"1414",2024/3/1 13:38:16,"322","119.84119","31.72302","62.09","79","56","-78.35","4.2","70;147;159;180;171;219","-79.41;-81.82;-85.78;-94.76;-96.04;-120.24","558.84","526.87","529.75","1248","6.64","25.3","241","4","121.98","107.92","109.59","552","10.25","20.43","246","1","19","25","",""
"1415",2024/3/1 13:38:17,"322","119.8412","31.72317","62.23","79","56","-78.54","4.12","70;147;171;159;180;219","-80.79;-82.04;-86.67;-88.80;-91.95;-122.53","553.25","524.74","524.44","1252","6.08","25.26","239.9","4","116.34","102.22","103.94","552","10.91","19.49","246","1","21","25","",""
"1416",2024/3/1 13:38:18,"322","119.84122","31.7233","62.77","79","56","-76.57","4.85","70;159;147;180;171;219","-74.14;-80.30;-81.32;-82.95;-85.15;-123.35","553.92","520.25","524.05","1250","5.51","25.27","241.1","4","113.86","100.18","101.26","552","11.07","20.71","246","1","19","25","",""
"1417",2024/3/1 13:38:19,"323","119.84121","31.72338","59.7","79","56","-77.71","3.3","70;159;192;171;180;219;147","-75.97;-83.73;-84.13;-84.39;-84.65;-122.71;-133.66","552.34","519.63","522.34","1250","6.58","25.08","241.34","3.38","112.52","99.32","100.36","552","9.54","19.55","246","1","21","25","",""
"1418",2024/3/1 13:38:20,"323","119.84122","31.72343","55.01","79","70","-79.76","5.89","159;180;171;147;56;26;192;144;219","-82.16;-82.85;-83.18;-84.19;-88.27;-88.30;-89.12;-94.30;-124.73","495.32","522.6","465.56","1248","8.04","14.49","240.23","3.54","107.33","94.05","94.91","552","14.54","19.05","244.47","1","22","25","",""
"1419",2024/3/1 13:38:21,"321","119.84122","31.72344","49.84","79","70","-79.78","6.85","159;56;147;192;26;171;180;144;219","-79.57;-79.88;-83.76;-83.80;-87.28;-87.64;-93.76;-94.87;-122.75","456.69","393.33","425.61","1244","7.89","15.7","240.58","4","108.38","93.45","95.49","552","11.45","21.17","246","1","19","23","",""
"1420",2024/3/1 13:38:22,"321","119.84122","31.72344","44.83","79","70","-71.32","9.91","56;147;171;159;192;26;180;219","-81.17;-83.59;-84.70;-85.06;-86.53;-86.86;-87.84;-118.02","410.4","391.82","379.38","1246","8.15","14.54","237.81","4","118.26","103.66","103.9","552","10.32","24.63","246","1","19","17","",""
"1421",2024/3/1 13:38:23,"323","119.84122","31.72344","39.58","79","70","-72.68","10.05","159;56;147;192;180;171;219;97","-78.19;-80.59;-81.30;-82.70;-87.03;-89.07;-121.69;-125.48","443.75","412.71","414.53","1248","7.25","15.32","240.63","3.23","133.34","117.3","119.32","552","10.03","23.94","246","1","19","19","",""
"1422",2024/3/1 13:38:24,"323","119.84122","31.72342","32.17","79","70","-72.39","11.11","56;159;192;147;180;171;219;97","-77.20;-81.11;-82.96;-84.94;-86.84;-88.98;-122.23;-155.98","457.16","426.07","433.08","1248","4.49","20.46","241.37","4","142.64","126.35","127.72","552","9.81","25.24","246","1","19","18","",""
"1423",2024/3/1 13:38:25,"322","119.84121","31.72337","28.37","79","70","-72.66","12.45","56;159;192;147;180;219;97","-76.99;-81.84;-82.66;-84.00;-85.73;-121.16;-155.98","516.99","494.09","501.26","1248","0.32","26.55","245.75","4","143.51","127.14","127.89","552","11.27","25.13","246","1","19","19","",""
"1424",2024/3/1 13:38:26,"321","119.8412","31.7233","28.33","79","70","-72.59","10.63","147;56;159;180;192;219","-80.51;-80.82;-84.86;-86.82;-86.93;-119.52","564.2","545.48","551.17","1250","3.86","26.46","240.57","3.46","145.64","128.01","129.06","552","11.31","24.76","246","1","19","18","",""
"1425",2024/3/1 13:38:27,"320","119.8412","31.72327","19.61","79","70","-73.55","10.34","56;159;192;147;180;219","-81.27;-82.62;-83.13;-83.14;-90.66;-117.96","584.37","570.33","574.3","1250","1.7","26.56","243.81","3.83","144.58","126.42","128.08","552","10.82","24.9","246","1","19","19","",""
"1426",2024/3/1 13:38:28,"319","119.8412","31.72323","15.58","79","70","-73.64","9.7","56;147;159;192;219","-77.90;-82.77;-82.96;-84.79;-122.08","582.85","560.24","567.52","1246","4.25","26.44","240.82","3.42","144.18","126.95","127.83","552","10.9","24.7","246","1","19","19","",""
"1427",2024/3/1 13:38:29,"321","119.84119","31.72323","12.56","79","70","-74.85","8.87","159;56;147;192;180;219","-79.09;-80.05;-81.52;-83.84;-84.65;-118.18","585.48","568.01","571.66","1250","2.74","26.64","242.56","3.25","141.45","125.25","125.84","552","10.8","23.61","246","1","19","21","",""
"1428",2024/3/1 13:38:30,"321","119.8412","31.72323","10.53","79","70","-74.46","10.76","159;56;147;192;180;219","-78.95;-79.38;-81.13;-83.16;-86.59;-120.59","590.67","571.7","578.32","1250","0.24","26.72","247.05","3.61","139.18","123.23","124.78","552","9.28","23.71","246","1","19","20","",""
"1429",2024/3/1 13:38:31,"321","119.84118","31.72321","11.32","79","70","-74.06","9.69","56;159;147;192;180;219","-78.66;-79.76;-81.09;-83.47;-86.79;-120.05","593.78","577.27","584.26","1248","2.56","26.86","242.89","3.41","138","121.96","123.27","552","11.47","24.17","246","1","19","19","",""
"1430",2024/3/1 13:38:32,"321","119.84118","31.7232","11.77","79","70","-74.29","9.14","56;159;147;192;180;219","-78.59;-79.55;-81.23;-83.27;-88.41;-120.30","594.36","577.29","585.04","1248","2","26.55","243.41","3.58","138.63","123.59","124.51","552","9.45","23.84","246","1","19","19","",""
"1431",2024/3/1 13:38:33,"321","119.84118","31.72319","12.13","79","70","-74.47","7.84","159;56;147;192;180;219;97","-77.24;-77.86;-81.42;-83.02;-86.63;-120.96;-124.84","590.8","577.6","579.8","1250","2.02","26.59","241.93","3.07","138.38","122.78","123.93","552","9.9","23.64","246","1","19","19","",""
"1432",2024/3/1 13:38:34,"320","119.84118","31.72319","11","79","70","-73.66","7.87","56;147;180;192;159;219;97","-79.89;-86.46;-88.31;-93.36;-102.55;-120.86;-124.84","591.87","577.23","583.01","1250","0.56","26.97","245.64","3.33","139.79","124.4","125.91","552","8.79","24.81","246","1","17","16","",""
"1433",2024/3/1 13:38:35,"320","119.84118","31.72318","9.45","79","70","-71.11","8.08","180;56;171;159;147;144;219;192;97","-77.58;-80.07;-80.58;-81.82;-86.38;-88.85;-120.05;-139.80;-155.98","592.1","579.09","582.7","1246","2.51","26.68","242.64","3.23","144.22","131.98","133.27","552","2.74","25.94","246","1","16","15","",""
"1434",2024/3/1 13:38:36,"320","119.84118","31.72318","8.57","79","70","-71.19","9.6","180;171;56;159;144;147;219;192","-77.01;-80.53;-81.20;-81.55;-90.24;-110.62;-119.71;-150.25","589.92","576.8","581.65","1246","1.54","26.76","237.4","3.41","149.77","134.21","136.38","552","13.71","25.96","245.86","1","16","15","",""
"1435",2024/3/1 13:38:37,"320","119.84118","31.72317","5.48","79","70","-70.9","10.31","180;56;159;171;144;219","-77.59;-80.19;-80.98;-81.78;-92.38;-123.43","583.87","570.36","573.24","1248","1.78","26.87","240.1","4","152.61","135.79","136.59","552","12.84","25.95","245.54","1","16","15","",""
"1436",2024/3/1 13:38:38,"320","119.84118","31.72317","4.97","79","70","-70.99","10.04","180;171;159;56;219","-77.20;-80.42;-81.70;-82.09;-121.15","577.47","562.08","566.19","1245","3.4","26.02","238.11","3.92","152.99","131.01","131.93","552","14.93","25.98","245.55","1","16","14","",""
"1437",2024/3/1 13:38:39,"320","119.84118","31.72317","3.33","79","70","-70.8","10.69","180;171;56;159;147;219","-76.52;-80.66;-82.56;-82.66;-93.70;-122.42","582.36","565.92","569.95","1248","2.17","26.85","243.86","4","153.14","131.47","132.3","552","12.15","26.02","246","1","16","15","",""
"1438",2024/3/1 13:38:40,"319","119.84118","31.72317","2.92","79","70","-70.53","10.94","180;171;56;159;144;147;219","-78.14;-79.88;-80.20;-81.32;-90.04;-91.02;-120.02","583.8","572.06","569.05","1246","3.04","25.98","241.84","3.92","153.28","133.31","135.2","552","7.8","25.94","246","1","16","15","",""
"1439",2024/3/1 13:38:41,"319","119.84118","31.72316","3.05","79","70","-70.84","10.74","180;171;56;159;144;147;219","-78.16;-78.79;-79.20;-81.99;-89.98;-92.61;-122.33","589.01","570.93","575.18","1250","2.96","26.74","240.99","3.91","153.47","137.07","139.08","552","8.01","25.96","246","1","17","16","",""
"1440",2024/3/1 13:38:42,"319","119.84118","31.72316","1.77","79","70","-71.3","9.71","180;56;171;159;147;144;219","-77.86;-79.93;-80.15;-82.03;-89.93;-89.98;-123.70","585.27","567.45","567.79","1250","4.49","26.29","240.46","4","153.38","137.09","139.04","552","12.36","25.99","246","1","17","15","",""
"1441",2024/3/1 13:38:43,"319","119.84118","31.72316","1.61","79","70","-71.35","9.81","180;171;56;159;147;219","-78.12;-79.45;-80.11;-81.02;-87.86;-124.04","583.36","561.65","564.58","1246","4.08","26.64","241.35","4","153.13","134.3","135.43","552","15.35","25.86","246","1","16","15","",""
"1442",2024/3/1 13:38:44,"319","119.84117","31.72316","1.72","79","70","-71.17","9.47","180;171;159;56;147;219","-77.89;-80.41;-80.50;-82.28;-93.57;-124.46","584.22","563.72","566.8","1248","2.59","26.41","244.18","3.75","152.58","129.55","131.79","552","14.62","25.93","246","1","16","14","",""
"1443",2024/3/1 13:38:45,"319","119.84118","31.72316","1.63","79","70","-71.1","10.07","56;171;180;159;147;219","-78.80;-79.63;-80.20;-83.24;-87.97;-122.31","587.76","562.88","567.57","1248","6.39","24.8","241.19","3.84","152.38","130","130.39","552","13.55","25.92","246","1","16","15","",""
"1444",2024/3/1 13:38:46,"318","119.84118","31.72316","1.48","79","70","-71.78","9.3","56;171;159;180;219","-80.22;-80.69;-81.25;-82.45;-123.95","589.68","569.36","573.82","1248","0.89","26.92","243.93","4","152.43","131.25","132.12","552","12.45","25.87","246","1","17","15","",""
"1445",2024/3/1 13:38:47,"317","119.84121","31.72316","2.52","79","70","-71.73","9.74","171;56;180;159;219","-80.24;-80.70;-82.80;-83.27;-123.15","588.78","569.2","572.37","1248","2.18","26.72","242.13","4","152.6","132.92","132.95","552","12.84","25.97","246","1","17","15","",""
"1446",2024/3/1 13:38:48,"316","119.84129","31.72314","5.49","79","70","-71.92","10.49","56;159;171;180;219","-80.97;-81.46;-81.96;-82.15;-123.50","593.78","583.18","587.44","1248","0.47","26.92","246.82","4","152.83","134.05","134.58","552","10.53","25.99","246","1","19","16","",""
"1447",2024/3/1 13:38:49,"316","119.84139","31.72312","9.46","79","70","-71.83","10.38","56;171;180;159;219","-79.36;-81.22;-82.62;-83.03;-123.28","594.4","583.92","586.81","1246","1.6","26.79","242.39","4","153.3","135.32","136.07","552","10.74","25.9","246","1","18","16","",""
"1448",2024/3/1 13:38:50,"315","119.8415","31.7231","13.52","79","70","-72.13","9.5","56;171;180;159;219","-79.70;-81.84;-82.29;-83.06;-123.79","595.09","585.5","590.82","1248","0.24","26.94","243.83","4","152.01","133.4","134.71","552","12.72","25.49","246","1","19","18","",""
"1449",2024/3/1 13:38:51,"315","119.84162","31.72308","17.98","79","70","-71.73","9.02","171;56;159;180;219","-80.83;-81.09;-81.80;-82.96;-123.48","594.04","584.54","588.72","1246","1.51","26.04","243.51","4","151.49","133.63","135.54","552","8.31","25.85","246","1","19","17","",""
"1450",2024/3/1 13:38:52,"314","119.84177","31.72304","21.57","79","70","-72.22","9.83","171;56;180;159;147;219","-80.72;-81.24;-81.79;-83.05;-87.41;-122.25","594.31","582.1","587.46","1248","2.24","25.72","241.71","3.75","150.44","135.13","134.72","552","9.45","25.65","246","1","19","18","",""
"1451",2024/3/1 13:38:53,"313","119.84191","31.72301","28.98","79","70","-72.89","8.79","56;159;171;147;192;219","-81.63;-82.56;-82.57;-87.30;-95.55;-123.26","593.83","583.91","586.11","1250","0.31","26.87","243.78","3.46","150.26","134.58","136.12","552","9.23","25.34","246","1","19","19","",""
"1452",2024/3/1 13:38:54,"313","119.84206","31.72298","35.02","79","70","-74.02","8.44","180;171;56;159;147;192;219","-81.21;-82.44;-83.74;-84.69;-87.36;-94.96;-122.82","594.24","579.45","587.88","1248","0.97","26.89","244.27","3","148.2","132.24","133.78","552","9.35","25.21","246","1","19","19","",""
"1453",2024/3/1 13:38:55,"313","119.84223","31.72295","37.45","79","70","-75.28","7.51","171;180;147;159;56;192;144;219","-83.00;-83.09;-85.59;-85.90;-88.66;-96.68;-97.07;-124.18","596.19","588","593.02","1248","0.4","26.9","244","3","146.84","131.47","132.88","552","8.77","25.23","246","1","19","19","",""
"1454",2024/3/1 13:38:56,"312","119.84239","31.72292","42.4","79","70","-77.05","7.19","171;56;180;147;159;144;192;219","-82.71;-86.33;-87.30;-89.27;-91.73;-95.88;-95.96;-125.20","595.21","583.42","588.66","1248","1.96","26.2","242.8","3","146.38","130.59","131.68","552","10","25.22","246","1","19","18","",""
"1455",2024/3/1 13:38:57,"312","119.84255","31.72288","52.32","79","70","-70.18","7.95","171;159;147;180;56;144;192;219","-82.49;-87.05;-87.41;-87.52;-89.13;-93.77;-94.58;-120.75","595.91","587.29","590.27","1248","0.32","26.91","244.16","3","145.63","127.52","129.49","552","11.65","24.75","246","1","18","17","",""
"1456",2024/3/1 13:38:58,"312","119.8427","31.72284","54.54","79","70","-70.35","7.9","180;171;159;56;192;144;219","-79.75;-82.26;-85.91;-89.63;-93.14;-102.34;-124.50","593.94","582.04","586.98","1248","1.52","26.7","242.12","3","145.33","127.95","129.03","552","10.18","25.21","246","1","19","18","",""
"1457",2024/3/1 13:38:59,"312","119.84285","31.7228","57.68","79","70","-70.43","8.19","180;171;56;159;192;144;219","-78.79;-83.06;-88.89;-89.83;-94.20;-101.91;-124.30","594.29","585.07","588.38","1250","1.53","26.59","243.95","3","145.66","128.82","129.45","552","9.89","25.24","246","1","19","18","",""
"1458",2024/3/1 13:39:00,"312","119.843","31.72275","57.4","79","70","-70.32","8.36","171;180;56;147;159;192;219","-82.18;-85.37;-87.38;-87.66;-91.56;-95.36;-123.68","594.34","583.12","588.2","1250","0.8","26.95","243.38","3","146.34","130.13","131.27","552","9.05","25.21","246","1","19","18","",""
"1459",2024/3/1 13:39:01,"312","119.84316","31.72271","58.78","79","70","-70.76","8.29","180;171;56;147;159;192;219","-78.35;-82.50;-85.65;-89.43;-89.66;-93.16;-122.05","594.94","584.15","587.76","1248","2.16","26.56","242.06","3","146.6","130.38","131.81","552","9.28","25.18","246","1","19","18","",""
"1460",2024/3/1 13:39:02,"312","119.84331","31.72267","60.62","79","70","-70.95","8.71","180;171;56;147;159;26;192;219","-80.41;-82.68;-86.10;-89.48;-92.65;-93.13;-95.73;-122.98","594.25","579.35","585.78","1250","2.34","26.85","244.25","3","146.19","130.31","131.4","552","9.87","25.2","246","1","19","18","",""
"1461",2024/3/1 13:39:03,"312","119.84346","31.72262","60.62","79","70","-71.65","8.15","180;171;56;26;159;192;219","-80.55;-82.91;-86.57;-87.41;-94.35;-100.61;-123.98","593.49","573.89","578.08","1248","3.77","26.65","242.77","3","146.48","130.67","131.23","552","10.88","25.2","246","1","19","18","",""
"1462",2024/3/1 13:39:04,"312","119.84362","31.72257","60.99","79","70","-71.83","7.93","171;180;26;56;219;192","-81.48;-82.30;-87.27;-87.43;-122.59;-142.38","590.25","568.39","571.58","1250","2.34","26.45","242.08","3","146.08","129.67","130.23","552","10.64","25.17","246","1","19","18","",""
"1463",2024/3/1 13:39:05,"312","119.84378","31.72252","61.55","79","70","-72.44","7.31","180;171;26;56;219","-79.41;-81.78;-87.13;-87.42;-120.52","589.38","566.77","569.17","1250","3.12","26.59","242.7","3.08","146.16","128.94","130.26","552","10.2","25.11","246","1","19","18","",""
"1464",2024/3/1 13:39:06,"312","119.84394","31.72246","62.22","79","70","-73.26","7.11","180;171;26;56;219","-79.83;-81.36;-88.77;-95.36;-120.14","591.58","573.41","579.38","1248","0.64","26.92","245.18","3","144.27","127.08","128.63","552","11","24.25","246","1","19","19","",""
"1465",2024/3/1 13:39:07,"312","119.84411","31.72241","63.36","79","70","-74.11","6.7","180;171;26;219","-79.09;-81.45;-88.42;-122.27","593.93","579.2","581.74","1248","2.21","26.77","240.92","3","142.32","126.65","126.91","552","10.45","23.87","246","1","19","20","",""
"1466",2024/3/1 13:39:08,"312","119.84426","31.72235","62.67","79","70","-74.85","6.46","180;171;26;219","-78.13;-80.24;-89.48;-122.03","595.1","582.29","586.95","1250","1.37","26.86","244.68","3","138.21","123.44","123.93","552","9.32","23.26","246","1","19","21","",""
"1467",2024/3/1 13:39:09,"312","119.84442","31.72229","62.71","79","70","-75.75","5.78","180;171;219","-77.58;-80.16;-122.13","594.37","581.18","585.07","1246","2.01","26.8","244.64","3","135.28","119.4","121.27","552","10.2","23.23","246","1","19","21","",""
"1468",2024/3/1 13:39:10,"312","119.84458","31.72223","63.31","79","70","-76.82","5.15","180;171;219;97","-76.35;-80.23;-119.88;-126.04","596.54","580.22","587.98","1246","1.46","26.8","241.87","3","133.01","118.26","119.52","552","9.72","23.2","246","1","19","20","",""
"1469",2024/3/1 13:39:11,"312","119.84474","31.72217","63.78","79","70","-77.33","4.24","180;171;159;219;97","-75.31;-79.41;-85.83;-122.21;-155.98","593.48","575.85","578.56","1250","2.92","26.68","243.44","3","132.42","117.6","118.82","552","9.78","22.99","246","1","19","21","",""
"1470",2024/3/1 13:39:12,"312","119.84489","31.72211","64.35","79","70","-78","3.75","180;171;159;219;97","-75.19;-79.60;-84.34;-121.05;-126.24","592.51","574.42","577.46","1248","2.67","26.8","241.96","3","130.22","116.31","116.91","552","10.09","22.39","246","1","19","22","",""
"1471",2024/3/1 13:39:13,"313","119.84505","31.72203","65.79","79","70","-79.17","1.58","180;171;159;219;97","-74.11;-79.29;-85.00;-122.71;-126.24","593.21","570.09","573.78","1248","4.41","26.68","243.25","3.84","128.1","113.76","114.77","552","10.38","22.24","246","1","19","22","",""
"1472",2024/3/1 13:39:14,"313","119.8452","31.72196","65.82","79","180","-74.1","9.8","70;171;159","-77.30;-78.31;-87.36","543.55","454.11","515.49","1248","9.09","16.93","236.33","4","126.76","110.92","113.11","552","11.93","23.55","245.06","1","19","22","",""
"1473",2024/3/1 13:39:15,"313","119.84536","31.72189","65.37","79","180","-73.67","10.82","70;171;159","-77.24;-77.88;-85.16","510.85","425.41","472.54","1410","9.79","14.36","238.94","3.91","133.84","117.27","119.09","571","10.91","25.19","243.79","1","19","25","",""
"1474",2024/3/1 13:39:16,"314","119.84553","31.72183","65.84","79","180","-73.25","10.55","70;171;159;192;26","-76.90;-78.30;-85.85;-89.39;-92.35","477.13","447.09","433.79","1406","9.62","14.32","237.88","3.76","145.95","130.54","129.61","600","11","25.21","246","1","19","25","",""
"1475",2024/3/1 13:39:17,"314","119.84568","31.72174","66.14","79","180","-73.46","11.73","70;171;159;192;26","-77.02;-78.45;-85.91;-91.12;-91.56","482.12","444.77","446.31","1406","5.69","12.2","241.13","3.07","156.64","137.28","138.61","600","11.22","25.2","246","1","19","25","",""
"1476",2024/3/1 13:39:18,"314","119.84584","31.72167","66.14","79","180","-73.52","11.85","70;171;56;159;192;26","-75.98;-77.15;-86.19;-86.79;-90.32;-94.23","491.55","465.02","464.54","1402","5.53","16.19","240.34","3.83","159.46","140.4","141.46","600","10.33","25.19","245.59","1","19","25","",""
"1477",2024/3/1 13:39:19,"313","119.84599","31.72159","67.28","79","180","-73.56","12.34","70;171;159;56;192;26","-78.16;-79.56;-87.37;-88.33;-90.41;-95.71","519.25","498.5","498.35","1406","5.41","17.16","239.96","4","159.41","141.05","141.89","600","10.51","25.2","246","1","19","25","",""
"1478",2024/3/1 13:39:20,"314","119.84614","31.72151","66.6","79","180","-73.65","12.5","70;171;56;159;192;26","-76.35;-79.37;-87.73;-88.79;-91.13;-94.35","592.12","568.58","570.84","1406","5.04","20.26","241.23","4","159.44","141.06","142","600","10.83","25.21","246","1","19","25","",""
"1479",2024/3/1 13:39:21,"314","119.8463","31.72142","68.01","79","180","-73.83","12.28","70;171;159;192;56;26","-76.44;-79.52;-90.26;-91.32;-91.86;-94.10","649","609.55","612.66","1402","9.91","20.47","241.21","4","159.61","139.67","141.58","600","12.04","25.19","246","1","19","25","",""
"1480",2024/3/1 13:39:22,"314","119.84645","31.72134","67.25","79","180","-73.86","12.32","70;171;192;56;159;26","-75.84;-78.48;-92.04;-92.17;-92.60;-92.61","709.34","661.62","665.91","1402","7.49","21.96","241.48","4","159.41","140.38","141.57","600","9.84","25.12","246","1","19","25","",""
"1481",2024/3/1 13:39:23,"314","119.84659","31.72124","67.83","79","180","-73.9","12.44","70;171;55;192;56;159;26","-77.02;-78.77;-89.34;-89.64;-90.63;-92.97;-94.09","694.95","617.73","622.73","1404","15.32","18.28","238.98","4","159.1","141.9","141.93","600","9.9","25.12","246","1","19","25","",""
"1482",2024/3/1 13:39:24,"314","119.84673","31.72116","67.25","79","180","-73.61","13.15","70;171;55;26;56;192;159","-77.50;-79.70;-87.02;-90.10;-90.77;-92.47;-92.61","657.23","590.97","593.2","1404","7","17.23","242.8","4","159.12","141.53","142.79","600","10.38","25.27","245.44","1","19","25","",""
"1483",2024/3/1 13:39:25,"313","119.84688","31.72107","68.38","79","180","-73.38","14.58","70;171;55;56;26;159;192","-76.55;-79.03;-86.46;-88.46;-90.10;-96.45;-100.88","611.07","541.73","547.18","1402","8.91","18.19","242.08","4","159.93","141.08","142.45","600","11.37","25.45","244.81","1","19","25","",""
"1484",2024/3/1 13:39:26,"313","119.84703","31.72097","68.62","79","180","-73.36","13.24","70;171;55;56;159;192","-77.23;-79.28;-83.52;-87.35;-96.58;-105.90","613.14","561.06","564.1","1404","9.66","18.64","240.42","4","161.29","141.97","144.15","600","9.16","25.55","246","1","19","25","",""
"1485",2024/3/1 13:39:27,"313","119.84717","31.72088","68.31","79","180","-73.44","12.34","70;55;171;56","-77.55;-80.52;-83.86;-86.09","629.4","573.77","575.26","1404","5.92","21.85","245.83","4","163.83","145.38","146.85","600","9.88","25.97","246","1","19","25","",""
"1486",2024/3/1 13:39:28,"313","119.84731","31.72078","68.44","79","180","-73.85","11.8","70;55;171","-76.62;-78.09;-88.10","637.24","598.17","600.06","1404","0.92","25.89","244.4","4","165.71","152.71","152.37","600","4.5","26","246","1","19","25","",""
"1487",2024/3/1 13:39:29,"313","119.84745","31.72068","67.83","79","180","-75.14","9.65","70;55;171","-77.16;-78.27;-83.06","649.15","610.52","618.25","1404","6.41","25.72","242.6","3.92","167.36","153.06","154.14","600","8.54","26","246","1","17","25","",""
"1488",2024/3/1 13:39:30,"313","119.84759","31.72059","68.59","79","180","-77.59","7.27","70;55;171","-76.41;-78.15;-82.34","645.86","624.13","627.14","1404","0","25.88","244.7","4","167.46","157.84","159.17","600","1.67","26","246","1","18","25","",""
"1489",2024/3/1 13:39:31,"313","119.84772","31.72049","67.96","79","180","-80.01","5.47","70;55;171","-77.84;-80.78;-81.70","649.36","622.39","631.94","1406","2.63","25.73","243.17","3.92","167.46","159.02","161.22","600","2.01","26","246","1","19","25","",""
"1490",2024/3/1 13:39:32,"313","119.84785","31.72039","67.14","79","180","-71.87","9.44","70;55;171","-77.41;-81.19;-84.01","648.8","631.97","635.2","1406","3.77","25.04","242.82","4","162.43","154.55","155.62","600","9.86","24.09","246","1","15","25","",""
"1491",2024/3/1 13:39:33,"313","119.84799","31.72029","67.34","79","180","-71.27","10.66","70;171;55","-78.07;-82.55;-87.11","657.04","639.15","643.44","1406","0","26.66","245.75","4","160.46","147.26","148.54","600","10.88","25.42","246","1","19","25","",""
"1492",2024/3/1 13:39:34,"313","119.84812","31.72018","68.45","79","180","-70.91","11.26","70;171;55;61","-79.80;-84.73;-86.20;-92.08","661.15","648.39","649.38","1408","1.91","26.5","242.83","4","158.92","140.65","141.8","600","11.16","25.49","246","1","19","25","",""
"1493",2024/3/1 13:39:35,"313","119.84824","31.72007","67.62","79","180","-71.1","9.99","70;55;171;61","-79.06;-84.13;-85.05;-96.16","665.57","651.93","657.6","1406","1.06","26.64","243.76","4","161.85","142.9","143.9","600","10.01","25.34","246","1","19","25","",""
"1494",2024/3/1 13:39:36,"312","119.84837","31.71997","67.34","79","180","-72.46","9.19","55;171;61;70","-83.95;-84.59;-95.34;-107.15","665.43","649.41","653.99","1402","1.78","26.61","245.04","4","161.18","142.66","143.69","600","10.21","25.21","246","1","19","25","",""
"1495",2024/3/1 13:39:37,"312","119.84849","31.71986","66.86","79","180","-73.91","7.44","70;55;171;61","-80.93;-83.28;-85.55;-92.94","661.23","640.92","644.56","1406","4.55","25.83","240.2","4","160.16","141.96","143.14","600","10.05","25.19","246","1","19","25","",""
"1496",2024/3/1 13:39:38,"312","119.84861","31.71974","67.19","79","180","-76.85","5.45","70;55;171","-79.70;-83.56;-85.74","655.45","627.45","632.07","1406","5.92","26.28","240.78","4","159.54","140.94","142.68","600","10.35","25.17","246","1","19","25","",""
"1497",2024/3/1 13:39:39,"312","119.84873","31.71963","67.49","79","180","-79.35","2.78","70;55;171;61","-79.75;-82.98;-85.38;-90.09","638.37","595.42","598.19","1404","10.89","25.06","237.06","4","159.35","141.51","142.56","600","10.03","25.15","246","1","19","25","",""
"1498",2024/3/1 13:39:40,"312","119.84885","31.71951","67.05","79","180","-81.13","1.45","70;55;171;61","-81.59;-83.94;-85.18;-87.45","621.7","567.44","576.02","1406","8.61","24.68","238.76","4","157.74","138.95","140.84","600","11.37","24.46","246","1","19","25","",""
"1499",2024/3/1 13:39:41,"312","119.84896","31.7194","66.86","79","180","-75.44","4.06","70;171;55;61","-81.08;-84.44;-84.51;-87.79","601.31","552.67","556.86","1404","6.91","23.99","241.06","4","155.88","139.26","139.57","600","9.69","24.28","246","1","19","25","",""
"1500",2024/3/1 13:39:42,"311","119.84908","31.71927","67.51","79","180","-77.5","3.19","70;55;171;61;73","-81.59;-83.91;-84.20;-86.28;-88.84","586.69","541.79","549.77","1402","8.2","23.4","240.45","4","152.34","134.08","136.44","600","10.16","23.54","246","1","19","25","",""
"1501",2024/3/1 13:39:43,"311","119.84919","31.71916","67.32","79","180","-81.75","-0.32","70;55;171;61;73","-81.66;-83.73;-85.30;-87.88;-89.59","568.45","523.29","526.24","1406","10.75","22.06","239.18","4","149.13","133.21","134.21","600","9.34","23.18","246","1","19","25","",""
"1502",2024/3/1 13:39:44,"311","119.84931","31.71903","67.71","79","180","-87.23","-6.39","171;70;55;73;61;192","-83.06;-83.98;-84.47;-85.06;-87.05;-90.87","552.98","502.08","505.95","1404","8.84","21.42","240.91","4","145.43","129.37","130.77","600","10.18","22.91","246","1","19","25","",""
"1503",2024/3/1 13:39:45,"310","119.84941","31.71891","68.15","79","180","-78.75","2.12","55;70;171;73;61;192","-82.05;-82.07;-82.97;-87.03;-87.66;-147.24","540.93","494.31","495.95","1402","6.7","22.01","242.79","4","140.97","125.97","126.54","600","10.21","22","246","1","19","25","",""
"1504",2024/3/1 13:39:46,"310","119.84952","31.71878","67.76","79","180","-78.06","3.04","55;171;70;73;61;192","-81.15;-81.73;-82.10;-86.78;-87.80;-123.06","540.42","495.05","501.47","1402","8.13","22.31","240.03","3.91","139.3","123.98","125.45","600","8.86","22.59","246","1","19","25","",""
"1505",2024/3/1 13:39:47,"310","119.84962","31.71866","67.68","79","180","-77.46","3.22","55;171;70;73;61;192","-80.09;-80.34;-82.77;-84.42;-87.27;-96.40","541.84","496.01","500.69","1401","9.64","21.6","242.34","3.84","139.12","124.6","125.72","600","9.04","22.88","246","1","19","25","",""
"1506",2024/3/1 13:39:48,"309","119.84973","31.71853","68.63","79","180","-77.23","4.01","55;171;70;73;85;192","-79.09;-80.30;-83.05;-85.67;-99.30;-109.46","536.83","485.94","489.64","1403","9.2","21.07","243.12","4","141.8","128.36","129.04","600","8.54","23.08","246","1","19","25","",""
"1507",2024/3/1 13:39:49,"309","119.84983","31.7184","68","79","180","-78.35","3.4","55;171;70;73;85;192","-77.38;-79.30;-86.95;-88.46;-97.84;-127.23","529.09","478.76","483.72","1404","7.84","21.53","240.08","3.92","143.58","128.25","129.66","600","10.55","23.24","245.97","1","19","25","",""
"1508",2024/3/1 13:39:50,"309","119.84993","31.71827","68.21","79","180","-81.77","-0.09","55;171;73;70;192","-77.35;-80.02;-84.78;-88.59;-92.47","527.05","485.82","490.78","1403","7.92","21.9","242.33","4","145.71","130","131.98","600","8.04","23.61","245.98","1","19","25","",""
"1509",2024/3/1 13:39:51,"308","119.85003","31.71814","68.12","79","180","-87.48","-6","55;171;73;70;61;192;85","-76.99;-79.51;-85.73;-86.32;-88.88;-90.24;-95.76","527.96","470.65","479.27","1402","15.26","20.4","240.79","4","148.1","132.55","133.61","600","9.88","23.8","246","1","19","25","",""
"1510",2024/3/1 13:39:52,"308","119.85012","31.71801","68.62","79","180","-75.3","-0.4","55;171;70;73;26;192","-77.31;-81.16;-85.05;-85.38;-85.47;-90.35","509.41","449.92","451.24","1407","9.67","19.06","241.94","4","140.62","125.95","127.07","600","10.55","20.32","246","1","15","25","",""
"1511",2024/3/1 13:39:53,"309","119.85021","31.71787","69.3","79","180","-75.94","-1.67","55;171;26;70;73;192","-77.11;-81.11;-86.16;-87.41;-87.48;-89.63","497.09","436.84","438.06","1406","7.77","20.31","240.71","4","139.6","124.4","124.56","600","11.22","23.24","246","1","19","25","",""
"1512",2024/3/1 13:39:54,"308","119.85029","31.71773","68.86","79","180","-76.64","-3.36","55;73;171;70;26;192;56;61","-76.77;-77.94;-81.71;-87.24;-87.94;-89.63;-90.42;-91.84","494.65","459.52","454.44","1406","7.12","20.97","242.52","4","137.6","125.62","122.95","600","9.04","23.18","246","1","19","25","",""
"1513",2024/3/1 13:39:55,"308","119.85037","31.7176","68.85","79","180","-78.19","-4.02","55;73;171;61;70;26;192;56","-76.92;-77.69;-83.20;-84.55;-86.10;-88.97;-90.09;-90.42","512.12","473.99","475.8","1404","8.05","21.49","242","4","144.26","127.91","128.44","600","11.2","22.95","245.58","1","19","25","",""
"1514",2024/3/1 13:39:56,"308","119.85045","31.71747","68.25","79","55","-80.86","-5.46","73;180;171;61;192;70;85","-81.44;-82.30;-85.04;-85.09;-89.84;-90.19;-100.61","521.39","477.84","484.18","1406","7.9","19.8","239.22","4","139.12","122.88","124.08","600","11.85","22.2","245.11","1","19","25","",""
"1515",2024/3/1 13:39:57,"308","119.85054","31.71733","68.81","79","55","-78.36","8.64","73;171;61;70;192;180;219","-82.55;-84.88;-85.87;-87.87;-92.40;-93.62;-118.04","483.53","477.84","440.29","1307","11.41","19.65","242.37","4","131.98","116.59","117","550","11.55","22.89","246","1","19","25","",""
"1516",2024/3/1 13:39:58,"309","119.85061","31.71719","68.03","79","55","-75.93","8.08","171;70;61;73;56;180;219","-81.45;-82.24;-87.68;-88.01;-92.10;-93.22;-122.23","507.88","495.94","470.87","1258","5.55","26.65","241.36","4","123.32","110.16","109.78","540","10.39","21.45","246","1","19","25","",""
"1517",2024/3/1 13:39:59,"308","119.85069","31.71706","68.06","79","55","-75.67","8.11","171;70;73;56;219","-80.20;-81.73;-86.02;-91.20;-119.14","557.23","512.85","519.26","1261","9.3","26.21","243.77","4","119.22","104.6","106.16","540","10.8","21.05","246","1","19","25","",""
"1518",2024/3/1 13:40:00,"308","119.85076","31.71692","67.92","79","55","-75.89","6.97","171;70;73;61;56;219","-79.53;-82.20;-86.02;-86.44;-90.38;-118.88","601.17","564.95","566.77","1258","4.09","26.75","244.58","4","115.52","102.4","103.64","540","9.77","20.75","246","1","19","25","",""
"1519",2024/3/1 13:40:01,"308","119.85083","31.71678","67.78","79","55","-76.12","6.96","171;70;61;73;180;219","-78.75;-82.15;-85.86;-88.04;-93.09;-118.95","599.78","561.36","567.18","1259","5","26.33","244.33","4","113.25","100.64","101.62","540","9.31","19.98","246","1","19","25","",""
"1520",2024/3/1 13:40:02,"308","119.8509","31.71663","68.24","79","55","-76.44","6.57","171;70;61;73;180;219","-79.35;-83.10;-87.75;-87.82;-93.42;-117.77","594.87","574.48","576.26","1259","2.54","26.61","243.13","4","111.87","99.79","100.51","540","9.86","20.16","246","1","19","25","",""
"1521",2024/3/1 13:40:03,"308","119.85096","31.71649","67.78","79","55","-76.9","6.14","171;70;61;73;180;219","-79.56;-83.93;-85.65;-89.09;-91.82;-118.56","593.12","564.97","571.41","1262","4.84","26.26","242.95","4","110.39","99.1","99.16","540","10.24","19.75","246","1","19","25","",""
"1522",2024/3/1 13:40:04,"308","119.85102","31.71635","66.97","79","55","-77.45","6.12","171;70;61;73;180;219","-80.62;-84.60;-86.74;-86.88;-100.65;-119.20","592.9","573.61","576.36","1261","2.22","26.58","243.77","4","109.66","97.03","97.91","540","10.96","19.53","246","1","20","25","",""
"1523",2024/3/1 13:40:05,"308","119.85109","31.7162","67.2","79","55","-77.82","6.13","171;73;70;61;219","-82.08;-82.87;-83.88;-85.78;-119.46","594.02","565.1","570.69","1261","5.46","26.3","243.28","4","109.17","95.81","97.27","540","10.37","19.8","246","1","19","25","",""
"1524",2024/3/1 13:40:06,"308","119.85114","31.71607","66.8","79","55","-78.32","5.4","73;70;171;61;219","-81.06;-83.01;-83.88;-86.12;-119.05","594.18","570.43","574.59","1258","2.89","26.63","243.91","4","108.64","96.45","96.26","540","11.27","19.59","246","1","21","25","",""
"1525",2024/3/1 13:40:07,"307","119.85119","31.71592","67.17","79","55","-78.56","4.17","73;171;70;61;219;97","-79.84;-81.56;-83.51;-86.42;-118.54;-127.66","594.37","550.44","563.93","1260","9.45","25.91","241.97","4","109.56","96.07","97.63","540","10.24","19.97","246","1","19","25","",""
"1526",2024/3/1 13:40:08,"307","119.85125","31.71578","67.39","79","55","-79.06","4.81","73;171;70;61;219;97","-79.02;-80.45;-84.04;-86.48;-120.26;-128.17","591.02","547.71","551.39","1262","7.9","26.12","242.75","4","109.02","96.57","97.18","540","10.84","19.65","246","1","19","25","",""
"1527",2024/3/1 13:40:09,"307","119.8513","31.71564","66.51","79","55","-79.58","4.02","73;171;70;61;219;97","-77.63;-78.99;-86.22;-87.58;-118.95;-155.98","582.93","535.2","538.55","1262","6.26","25.79","242","4","109.1","96.54","97.83","540","9.46","19.45","246","1","21","25","",""
"1528",2024/3/1 13:40:10,"307","119.85135","31.71549","66.88","79","55","-79.76","4.24","73;171;70;61;219","-77.56;-78.92;-82.48;-86.34;-120.13","577.63","527.05","531.45","1260","11.32","25.53","241.71","4","107.88","96.27","96.4","540","11.23","19.32","246","1","22","25","",""
"1529",2024/3/1 13:40:11,"306","119.8514","31.71535","67.28","79","55","-80.13","2.66","73;171;70;61;219;97","-78.03;-79.50;-82.26;-87.86;-119.34;-126.43","569.46","524.18","529.19","1262","5.55","25.41","241.65","4","107.57","95.11","95.98","540","10.98","19.27","246","1","22","25","",""
"1530",2024/3/1 13:40:12,"306","119.85144","31.7152","66.71","79","55","-80.48","3.39","171;73;70;61;219;97","-79.82;-79.87;-83.23;-86.80;-120.55;-155.98","567.78","519.41","528.79","1260","7.94","25.23","243.52","4","106.92","93","94.59","540","11.46","19.23","246","1","21","25","",""
"1531",2024/3/1 13:40:13,"306","119.85148","31.71505","67.16","79","55","-80.67","3.05","73;171;70;61;219","-79.66;-80.96;-82.18;-86.07;-123.95","560.4","519.5","524.24","1262","7.38","25","241.45","3.91","107.13","94.23","94.59","540","11.73","19.27","246","1","21","25","",""
"1532",2024/3/1 13:40:14,"306","119.85152","31.71491","66.22","79","55","-80.77","3.29","73;171;70;61;219;97","-77.45;-82.70;-82.86;-85.55;-122.49;-129.16","556.85","514.91","515.69","1262","7.91","24.79","243.4","4","106.89","93.21","93.71","540","12.89","19.29","246","1","21","25","",""
"1533",2024/3/1 13:40:15,"306","119.85156","31.71476","66.59","79","73","-76.29","3.19","55;70;171;61;219","-80.64;-82.49;-83.44;-85.92;-118.34","511.09","509.51","467.79","1258","12.6","19.21","236.84","4","103.88","88.1","90.31","540","14.1","20.57","244.4","1","19","25","",""
"1534",2024/3/1 13:40:16,"306","119.85159","31.71461","67.28","79","73","-74.65","10.27","55;70;171;61;219","-82.81;-83.45;-83.53;-85.77;-122.32","494.47","461.65","451.41","1268","7.56","22.98","236.38","4","108.99","93.57","95.93","534","9.65","22.61","244.52","1","19","25","",""
"1535",2024/3/1 13:40:17,"306","119.85162","31.71445","67.56","79","73","-73.03","11.57","55;70;171;61;219","-80.34;-82.85;-84.20;-86.46;-117.66","503.45","496.27","460.03","1266","8.65","26.63","239.52","4","116.17","103.24","103.61","540","9.29","22.95","246","1","19","25","",""
"1536",2024/3/1 13:40:18,"306","119.85165","31.71431","66.5","79","73","-71.99","17.85","55;171;70;61;219","-81.34;-82.44;-82.78;-85.91;-121.19","563.42","521.11","526.87","1259","8.43","26.16","239.19","3.92","126.9","112.33","113.6","540","11.4","23.22","246","1","19","25","",""
"1537",2024/3/1 13:40:19,"307","119.85167","31.71416","66.58","79","73","-71.23","17.71","55;70;171;61;219","-81.12;-83.15;-83.83;-86.79;-119.21","584.16","544.53","549.64","1257","4.77","26.57","243.83","3.41","129.71","114.97","116.26","540","9.49","23.34","246","1","19","25","",""
"1538",2024/3/1 13:40:20,"307","119.85169","31.71401","66.77","79","73","-71.15","13.85","171;55;70;61;219","-81.00;-81.87;-82.82;-85.97;-116.48","579.51","531.43","537.98","1260","12.33","25.03","238.54","3.38","131.92","117.25","118.36","540","8.88","23.74","245.8","1","19","25","",""
"1539",2024/3/1 13:40:21,"307","119.85171","31.71386","67.44","79","73","-70.94","13.65","171;55;70;61;219","-81.38;-81.59;-84.10;-85.95;-116.04","572.21","525.22","532.31","1262","5.79","25.36","239.49","3","133.39","119.03","120.75","540","9.1","23.86","245.55","1","19","25","",""
"1540",2024/3/1 13:40:22,"306","119.85173","31.71371","67.32","79","73","-71.67","13.67","171;55;61;70;219","-79.98;-81.50;-84.90;-86.11;-116.23","565.84","527.91","520.72","1262","6.8","25.87","240.51","3.76","134.96","121.19","122.39","540","9.36","23.9","246","1","19","25","",""
"1541",2024/3/1 13:40:23,"306","119.85174","31.71356","67.16","79","73","-71.46","13.59","171;55;70;61;219","-79.34;-83.16;-85.27;-85.85;-116.92","574.42","543.65","543.43","1264","4.66","26.53","242.31","3.91","136.36","122.54","123.41","540","9.55","24.26","246","1","19","25","",""
"1542",2024/3/1 13:40:24,"306","119.85175","31.71341","67.44","79","73","-72.71","10.43","171;55;61;70;219;97","-82.27;-82.74;-84.08;-87.55;-119.80;-126.77","580.78","536.78","542.02","1258","10.67","25.44","242.02","3.84","135.37","122.55","122.48","540","9.17","23.53","246","1","19","25","",""
"1543",2024/3/1 13:40:25,"306","119.85176","31.71325","67.12","79","73","-74.49","9.17","55;171;61;70;219;97","-82.27;-84.00;-84.48;-86.98;-120.33;-127.97","573.97","531.03","535.01","1260","4.37","25.1","244","3.83","133.79","118.77","120.89","540","10.13","23.3","246","1","19","25","",""
"1544",2024/3/1 13:40:26,"306","119.85177","31.7131","67.63","79","73","-75.19","8.29","55;70;171;61;219;97","-80.20;-85.17;-85.50;-85.70;-119.58;-125.98","576.99","541.97","542.98","1258","2.78","26.65","245.93","3.23","131.58","117.74","118.8","540","9.73","23.34","246","1","19","25","",""
"1545",2024/3/1 13:40:27,"306","119.85177","31.71295","67.1","79","73","-75.96","8.07","55;61;70;171;85;219;97","-79.80;-84.18;-84.80;-88.41;-96.16;-118.99;-127.07","585.67","562.67","568.62","1258","2.54","26.73","243.03","3","132.1","117.06","119.25","540","9.39","23.77","246","1","19","25","",""
"1546",2024/3/1 13:40:28,"306","119.85177","31.7128","66.4","79","73","-76.39","8.5","55;61;70;171;85;219;97","-81.89;-85.02;-85.18;-87.90;-93.55;-118.20;-127.07","597.45","578.87","583.09","1264","3.28","26.52","243.16","3","134.32","120.19","121.49","540","9.21","24.05","246","1","19","25","",""
"1547",2024/3/1 13:40:29,"306","119.85177","31.71265","66.71","79","73","-78.53","7.23","55;61;70;171;82;85;219;97","-83.63;-84.78;-85.33;-87.46;-88.29;-93.92;-116.08;-155.98","593.31","575.07","579.23","1262","2.73","26.57","243.06","3.08","134.03","120.5","121.21","540","9.36","23.23","246","1","19","25","",""
"1548",2024/3/1 13:40:30,"306","119.85177","31.71249","67.8","79","73","-71.78","7.64","55;61;70;171;82;85;219","-83.40;-85.44;-85.77;-85.87;-86.96;-93.44;-116.33","592.05","568.58","572.45","1259","5.69","26.04","241.71","3.15","132.22","118.5","119.37","540","9.17","23.21","246","1","19","25","",""
"1549",2024/3/1 13:40:31,"306","119.85176","31.71234","67.04","79","73","-71.54","8","55;61;82;70;171;219","-83.65;-84.43;-85.14;-86.02;-87.61;-110.68","588.32","562.07","565.22","1259","4.09","26.12","244.16","3","129.96","115.78","117.1","540","9.75","23.2","246","1","19","25","",""
"1550",2024/3/1 13:40:32,"306","119.85176","31.71219","67.72","79","73","-71.2","7.95","82;55;70;61;171;219","-79.94;-83.63;-84.12;-84.73;-86.03;-112.48","587.96","559.79","563.95","1257","3.77","26.34","242.15","3","129.74","115.87","117.16","540","9.21","23.25","246","1","19","25","",""
"1551",2024/3/1 13:40:33,"306","119.85175","31.71205","67.28","79","73","-71.08","8.53","82;70;55;61;171;219;97","-76.09;-83.83;-84.09;-84.44;-88.16;-109.02;-126.94","592.18","569.47","574.04","1258","1.75","26.67","245.03","3.66","130.21","115.26","117.26","540","9.68","23.23","246","1","19","25","",""
"1552",2024/3/1 13:40:34,"307","119.85174","31.71189","67.72","79","73","-71.03","9.28","82;55;61;70;171;219;97","-76.02;-84.68;-84.77;-84.81;-93.38;-111.05;-126.34","594.1","570.34","574.72","1258","5.72","26.27","242.04","3.76","130.37","116.2","117.48","540","9.46","23.25","246","1","19","25","",""
"1553",2024/3/1 13:40:35,"308","119.85173","31.71174","67.27","79","73","-71.41","8.68","82;70;61;55;219;171;97","-80.69;-85.13;-85.18;-85.43;-113.49;-117.48;-123.27","595.58","570.13","574.62","1258","3.51","26.21","243.94","3.16","129.89","115.65","116.68","540","9.73","23.13","246","1","19","25","",""
"1554",2024/3/1 13:40:36,"310","119.85172","31.7116","66.18","79","73","-71.35","8.89","82;55;70;61;219;97","-83.63;-84.41;-84.66;-84.80;-117.94;-128.05","593.87","570.94","571.86","1257","2.17","26.73","243.8","3.07","129.26","116.06","116.42","540","9.55","23.11","246","1","19","25","",""
"1555",2024/3/1 13:40:37,"311","119.85169","31.71145","66.92","79","73","-71.57","8.22","70;82;61;55;219;97","-83.85;-84.30;-85.85;-88.79;-117.84;-126.09","592.73","571.16","575.69","1259","4.15","26.49","241.18","3","128.88","114.14","115.57","540","10.48","23.12","246","1","19","25","",""
"1556",2024/3/1 13:40:38,"312","119.85167","31.71129","67.41","79","73","-71.73","8","70;55;61;82;219;97","-83.58;-83.63;-85.02;-85.04;-116.41;-127.55","593.14","575.66","577.2","1259","2.56","26.67","244.44","3","128.65","114.4","115.45","540","9.96","23.05","246","1","19","25","",""
"1557",2024/3/1 13:40:39,"312","119.85165","31.71115","66.33","79","73","-72","8.02","82;55;70;61;171;219;97","-83.23;-83.67;-84.11;-85.27;-89.62;-114.35;-122.12","594.24","575.29","578","1258","2.73","26.73","243.82","3","127.82","113.83","114.44","540","9.92","22.76","246","1","19","25","",""
"1558",2024/3/1 13:40:40,"312","119.85161","31.711","66.73","79","73","-72.24","6.82","55;70;82;61;219;171;97","-83.21;-83.23;-84.26;-85.94;-109.43;-133.60;-155.98","595.25","571.25","574.17","1260","6.11","26.32","242.03","3.61","126.61","113.59","113.6","540","10.24","22.51","246","1","19","25","",""
"1559",2024/3/1 13:40:41,"311","119.85159","31.71085","66.12","79","73","-72.44","6.23","70;61;82;171;219;97","-83.51;-85.16;-86.41;-111.64;-114.39;-127.72","595.62","563.72","567.6","1262","5.6","26.43","243.8","4","124.6","111.57","112.23","540","8.8","22.23","246","1","19","25","",""
"1560",2024/3/1 13:40:42,"310","119.85157","31.71068","66.95","79","73","-72.69","6.61","61;82;70;219;97","-84.40;-84.75;-85.19;-113.27;-125.18","594.85","550.85","552.97","1260","9.36","26.01","243.15","4","122.78","109.91","110.52","540","10.15","21.97","246","1","19","25","",""
"1561",2024/3/1 13:40:43,"309","119.85154","31.71054","66.64","79","73","-73.02","5.12","82;70;61;302;55;219;97","-83.16;-83.34;-85.07;-89.63;-91.30;-115.09;-122.98","594.53","550.14","553.84","1260","5.54","26.34","244.13","4","121.51","107.99","110.07","540","9.17","21.94","246","1","19","25","",""
"1562",2024/3/1 13:40:44,"309","119.85148","31.71039","67.37","79","73","-73.38","4.79","82;61;70;55;67;302;219;97","-78.02;-84.17;-86.66;-87.65;-88.92;-89.26;-114.55;-122.98","587.8","539.89","541.21","1260","9.45","25.64","241.64","4","121.53","108.55","110.15","540","8.73","22.06","246","1","19","25","",""
"1563",2024/3/1 13:40:45,"309","119.85145","31.71024","67.05","79","73","-73.48","4.57","82;61;70;67;302;55;219;97","-76.83;-83.37;-86.62;-90.94;-92.47;-94.11;-115.03;-126.50","580.81","546.2","548.82","1262","2.62","26","243.34","4","121.31","109.02","109.84","540","10.28","22.06","246","1","19","25","",""
"1564",2024/3/1 13:40:46,"310","119.8514","31.71011","67.65","79","73","-73.53","5.24","82;61;70;67;302;55;219;97","-77.60;-83.64;-87.15;-90.02;-92.47;-94.11;-121.09;-126.88","576.39","538.19","538.98","1262","8.66","25.55","241.35","4","120.14","108.28","108.34","540","10.24","21.16","246","1","19","25","",""
"1565",2024/3/1 13:40:47,"310","119.85136","31.70996","67.05","79","73","-73.63","5.97","82;61;70;67;219;97","-81.11;-83.02;-88.67;-89.60;-122.48;-124.60","578.78","545.66","552.16","1260","5.12","26.2","241.48","4","117.32","104.91","105.66","540","8.97","20.87","246","1","19","25","",""
"1566",2024/3/1 13:40:48,"309","119.8513","31.70981","67.3","79","73","-74.02","5.99","82;61;67;70;219;97","-80.98;-83.28;-88.17;-88.88;-116.82;-127.18","573.79","518.44","524.02","1260","15.1","25.03","237.01","4","114.87","103.03","104.63","540","7.59","20.71","246","1","19","25","",""
"1567",2024/3/1 13:40:49,"309","119.85125","31.70967","67.86","79","73","-74.35","5.71","82;61;67;70;219;97","-81.60;-83.81;-87.73;-88.17;-114.91;-124.50","576.26","529.84","534.76","1260","3.29","26.28","242.47","4","113.58","102.54","104.11","540","8.25","20.68","246","1","19","25","",""
"1568",2024/3/1 13:40:50,"308","119.85119","31.70954","66.67","79","73","-74.32","5.6","82;61;55;67;70;219;97","-81.54;-84.90;-86.67;-87.66;-88.11;-113.85;-155.98","576.78","526.93","535.71","1260","6.67","25.99","241.38","4","113.36","102.55","103.35","540","10.24","20.52","246","1","19","25","",""
"1569",2024/3/1 13:40:51,"310","119.85114","31.7094","67.01","79","73","-74.67","4.6","61;55;82;67;70;219;97","-82.54;-85.85;-87.02;-87.62;-87.65;-116.98;-127.59","582.37","541.54","547.96","1260","9.55","25.74","240.59","4","112.83","100.82","102.28","540","9.17","20.57","246","1","19","25","",""
"1570",2024/3/1 13:40:52,"309","119.85109","31.70926","66.18","79","73","-74.89","4.11","82;70;61;67;55;85;219;97","-82.20;-84.91;-85.20;-86.74;-86.79;-95.12;-123.83;-155.98","583.07","534.41","539.96","1259","7.63","26.13","242.43","4","112.7","101.37","102.06","540","8.88","20.3","246","1","19","25","",""
"1571",2024/3/1 13:40:53,"310","119.85103","31.70912","66.22","79","73","-75","2.89","82;61;70;67;55;56;85;219;97","-82.52;-83.94;-85.59;-87.23;-87.52;-89.14;-95.98;-125.00;-128.18","585.36","539.58","544.66","1260","5.27","26.28","241.96","4","111.35","99.9","100.8","540","9.73","19.94","246","1","19","25","",""
"1572",2024/3/1 13:40:54,"310","119.85097","31.70897","65.95","79","73","-75.41","3.61","82;70;61;67;55;56;219;97","-79.64;-82.48;-84.79;-86.57;-87.91;-91.48;-120.68;-155.98","586.65","548.82","554.82","1261","7.81","26","239.85","4","110.49","99.06","100.11","540","9.07","19.75","246","1","19","25","",""
"1573",2024/3/1 13:40:55,"311","119.8509","31.70883","65.7","79","73","-75.66","3.58","82;70;61;67;55;56;302;219","-79.91;-85.05;-85.55;-86.40;-87.95;-90.14;-93.29;-120.29","584.92","546.03","550.67","1262","6.45","26.12","242.51","3.83","109.03","97.15","98.18","540","10.28","19.54","246","1","19","25","",""
"1574",2024/3/1 13:40:56,"310","119.85082","31.70869","67.06","79","73","-76.02","3.06","82;61;67;70;302;56;219","-82.98;-84.09;-86.35;-87.38;-91.88;-95.61;-113.75","583.12","549.89","548.48","1258","6.04","26.29","243.18","3.84","108.7","96.36","98.04","540","10.61","19.54","246","1","20","25","",""
"1575",2024/3/1 13:40:57,"309","119.85076","31.70856","66.43","79","73","-76.5","2.51","82;61;70;67;56;302;219;97","-81.84;-84.61;-85.97;-86.60;-89.91;-91.04;-111.21;-126.59","581.05","544.44","547.41","1260","7.77","25.77","240.41","3.91","107.6","95.7","96.19","540","10.13","19.43","246","1","20","25","",""
"1576",2024/3/1 13:40:58,"309","119.8507","31.70842","65.76","79","73","-76.9","3.1","82;61;67;70;302;219;97","-81.67;-84.36;-85.12;-85.83;-89.80;-111.73;-126.59","577.74","535.67","542.15","1264","6.02","25.93","239.49","3.92","107.51","95.67","96.67","540","9.25","19.43","246","1","21","25","",""
"1577",2024/3/1 13:40:59,"309","119.85063","31.70828","66.27","79","73","-76.94","4.87","82;67;61;70;302;219;97","-81.91;-85.02;-85.20;-85.42;-86.64;-116.56;-123.93","571.5","532.08","533.01","1262","7.37","25.85","239.03","3.83","107.06","94.64","95.32","540","11.61","19.37","246","1","22","25","",""
"1578",2024/3/1 13:41:00,"310","119.85056","31.70814","65.74","79","73","-77.64","6.11","82;67;61;70;302;219;97","-84.41;-84.86;-85.22;-86.09;-87.35;-118.83;-122.82","573.81","543.53","545.09","1260","3.93","26.21","243.67","3.61","107.28","95.8","95.67","540","10.96","19.27","246","1","22","25","",""
"1579",2024/3/1 13:41:01,"310","119.85048","31.708","66.38","79","73","-78.07","6.74","61;67;70;82;302;219;97","-84.00;-84.71;-85.30;-87.42;-91.01;-115.13;-126.82","575.1","541.78","545.52","1262","6.4","25.72","241.59","3.41","106.81","93.99","94.8","540","10.11","19.21","246","1","22","25","",""
"1580",2024/3/1 13:41:02,"310","119.8504","31.70787","67.26","79","73","-78.54","5.38","70;67;61;55;82;302;219;97","-85.81;-86.02;-86.37;-87.70;-88.73;-94.71;-112.97;-126.01","575.34","544.3","548.07","1262","5.55","25.83","239.81","3.53","106.57","94.33","94.92","540","11.09","19.3","246","1","22","25","",""
"1581",2024/3/1 13:41:03,"309","119.85033","31.70774","66.98","79","73","-79.1","4.19","302;67;61;70;55;82;219;97","-85.40;-85.45;-85.53;-86.56;-86.94;-91.17;-104.60;-123.10","571.95","533.61","539.67","1262","6.81","25.68","239.78","3.5","106.06","92.55","94.64","540","10.71","19.15","246","1","22","25","",""
"1582",2024/3/1 13:41:04,"310","119.85023","31.70762","66.48","79","73","-79.24","4.04","61;67;70;302;82;219;97","-85.05;-85.44;-86.09;-88.77;-97.81;-107.02;-123.10","566.35","532.47","533.28","1264","6.43","25.67","239.27","3.15","106.3","94.19","95.12","540","9.36","19.15","246","1","22","25","",""
"1583",2024/3/1 13:41:05,"311","119.85015","31.70748","66.64","79","73","-80","3.92","67;61;70;302;82;219;97","-84.91;-85.74;-86.28;-87.40;-95.52;-107.84;-121.80","569.26","534.63","539.62","1262","5.36","25.94","242.2","3.08","105.76","94.2","94.88","540","10.15","19.35","246","1","21","25","",""
"1584",2024/3/1 13:41:06,"311","119.85008","31.70734","66.08","79","73","-80.85","2.09","61;67;56;302;82;70;219;97","-83.60;-86.27;-87.49;-89.38;-92.61;-92.74;-110.09;-155.98","570.32","534.19","538.16","1262","7.46","25.61","240.2","3","105.61","94.04","95.13","540","10.01","19.23","246","1","22","25","",""
"1585",2024/3/1 13:41:07,"311","119.84999","31.70721","65.88","79","73","-81.05","1.04","61;67;56;302;82;70;85;219","-81.98;-85.09;-85.91;-88.69;-91.98;-93.63;-96.47;-112.56","575.15","542.63","545.9","1260","4.33","26.05","243.5","3.08","104.88","93.71","94.58","540","9.36","19.11","246","1","22","25","",""
"1586",2024/3/1 13:41:08,"311","119.84989","31.70709","66.9","79","73","-81.99","0.75","61;67;82;302;70;85;219","-82.55;-84.16;-89.38;-92.07;-95.09;-95.84;-112.88","570.31","535.35","537.62","1262","7.32","25.44","239.4","3.15","105.41","95.11","95.54","540","8.88","19.09","246","1","22","25","",""
"1587",2024/3/1 13:41:09,"311","119.8498","31.70696","66.26","79","73","-81.69","0.64","61;67;70;82;302;85;219;97","-84.27;-84.81;-87.20;-88.27;-89.88;-95.68;-110.46;-124.48","572.74","541.78","544.71","1262","4.74","26.08","242.98","3","105.28","94.7","95.43","540","10.15","19.09","246","1","21","25","",""
"1588",2024/3/1 13:41:10,"311","119.8497","31.70684","66.05","79","73","-81.89","0.24","61;67;302;82;70;85;219;97","-83.36;-84.87;-86.61;-88.73;-94.70;-95.41;-107.48;-123.15","570.02","531.8","535.53","1262","7.46","25.58","239.72","3.15","105.67","94.54","95.35","540","10.42","19.09","246","1","22","25","",""
"1589",2024/3/1 13:41:11,"311","119.84961","31.70671","66.4","79","73","-82.55","-0.3","61;67;302;82;56;85;70;219;97","-83.09;-85.16;-85.38;-86.99;-87.05;-95.18;-95.56;-105.38;-123.15","574.49","539.72","544.18","1260","4.94","26","242.6","3.41","105.32","93.76","95.07","540","9.17","19.11","246","1","22","25","",""
"1590",2024/3/1 13:41:12,"311","119.84951","31.70659","65.66","79","73","-82.75","-0.04","302;61;67;82;56;85;70;219;97","-83.97;-84.08;-84.95;-85.53;-87.05;-96.45;-96.55;-106.83;-122.47","574.33","539.65","541.88","1260","5.53","25.85","243.02","3.69","105.25","94.1","94.92","540","9.77","19.13","246","1","22","25","",""
"1591",2024/3/1 13:41:13,"311","119.8494","31.70647","65.88","79","73","-82.62","1.43","302;61;67;82;56;85;70;219;97","-82.58;-84.90;-84.98;-86.78;-89.49;-96.50;-100.38;-113.48;-127.26","576","542.8","549.47","1258","5.13","26.05","241.81","3.91","105.26","93.85","95.45","540","9.39","19.08","246","1","22","25","",""
"1592",2024/3/1 13:41:14,"311","119.84929","31.70634","66.57","79","73","-83.35","0.37","61;302;82;67;55;56;85;219;97","-83.22;-83.59;-85.16;-85.32;-88.85;-89.91;-97.99;-118.75;-123.32","577.12","542.17","546.23","1258","6.36","25.99","243.37","3.76","105.55","94.45","95.34","540","10.4","19.07","246","1","22","25","",""
"1593",2024/3/1 13:41:15,"311","119.84918","31.70623","66.46","79","73","-83.52","0.31","61;302;67;82;55;56;219;97","-82.63;-83.60;-85.86;-88.35;-88.54;-89.65;-116.60;-127.85","578.52","545.36","551","1258","5.05","26.18","242.65","3.91","105.45","94.16","95.22","540","9.9","19.03","246","1","22","25","",""
"1594",2024/3/1 13:41:16,"311","119.84907","31.70611","66.32","79","73","-83.09","0.28","302;61;67;82;55;56;219;97","-83.48;-85.31;-85.52;-86.84;-88.94;-89.87;-118.20;-122.16","577.24","543.39","546.62","1258","6.36","25.85","241.15","3.69","105.82","94.98","95.31","540","10.05","19.06","246","1","22","25","",""
"1595",2024/3/1 13:41:17,"311","119.84895","31.70599","67.21","79","73","-82.82","1.14","302;61;67;82;55;56;219;97","-83.80;-84.31;-85.57;-86.52;-90.11;-90.69;-114.76;-126.46","573.07","538.21","541.91","1258","6.94","25.77","241.9","3.75","105.55","94.32","95.07","540","9.86","19.03","246","1","22","25","",""
"1596",2024/3/1 13:41:18,"311","119.84884","31.70587","66.59","79","73","-82.64","1.33","302;67;61;82;55;56;219;97","-83.13;-84.78;-86.04;-87.35;-90.27;-90.32;-111.22;-125.05","569.62","533.5","535.91","1258","6.85","25.8","241.75","3.53","105.54","94.99","95.07","540","9.66","19.04","246","1","22","25","",""
"1597",2024/3/1 13:41:19,"311","119.84872","31.70576","66.71","79","73","-82.27","1.94","302;67;61;82;55;56;219;97","-82.20;-84.97;-85.86;-87.05;-89.89;-89.98;-116.05;-124.26","570.92","531.05","537.98","1257","7.22","25.77","243.02","3.83","105.56","94.23","95.4","540","9.27","19.03","246","1","22","25","",""
"1598",2024/3/1 13:41:20,"312","119.8486","31.70564","67.87","79","73","-82.3","2.11","302;67;61;82;55;56;219;97","-84.05;-84.62;-85.26;-88.65;-90.27;-90.89;-123.78;-125.86","568.65","531.69","535.2","1259","7.3","25.66","241.41","3.76","105.6","95.38","95.89","540","9.29","19","246","1","22","25","",""
"1599",2024/3/1 13:41:21,"312","119.84849","31.70555","66.29","79","73","-82.32","0.91","302;67;61;82;55;56;219;97","-84.05;-84.30;-86.31;-90.15;-90.16;-91.00;-116.30;-155.98","570.58","523.47","532.73","1258","8.59","25.3","243.82","3.75","104.19","93.63","94.64","540","8.8","19","246","1","22","25","",""
"1600",2024/3/1 13:41:22,"312","119.84838","31.70542","66.66","79","73","-82","1.98","67;302;61;82;56;55;219","-83.27;-84.77;-86.27;-90.05;-90.30;-90.34;-115.07","564.44","521.4","526.58","1257","7.37","25.31","241.78","3.46","102.88","91.44","92.92","540","10.42","19.04","246","1","22","25","",""
"1601",2024/3/1 13:41:23,"311","119.84823","31.70532","67.95","79","73","-82.32","0.83","67;61;302;56;55;82;219","-83.37;-85.10;-85.89;-89.49;-89.80;-91.27;-115.54","557.06","506.89","516.94","1258","9.03","24.76","240.4","3.41","100.24","87.93","89.33","540","12.33","18.71","246","1","22","25","",""
"1602",2024/3/1 13:41:24,"311","119.84811","31.70521","67.18","79","73","-82.43","-0.39","67;61;302;56;55;82;85;219","-82.57;-83.38;-86.86;-88.47;-90.09;-91.02;-92.48;-117.65","552.25","510.42","513.38","1259","6.58","25.24","241.35","4","98.67","87.47","88.21","540","8.41","18.86","246","1","22","25","",""
"1603",2024/3/1 13:41:25,"311","119.84797","31.70509","67.53","79","73","-82.46","0.48","67;61;56;302;55;82;85;219;97","-81.71;-83.93;-88.45;-88.63;-90.14;-91.84;-95.28;-118.45;-128.30","552.81","512.08","517.44","1259","8.01","25.15","242.44","3.75","97.67","86.53","87.16","540","11.09","18.96","246","1","22","25","",""
"1604",2024/3/1 13:41:26,"311","119.84783","31.70499","68.75","79","73","-82.32","0.82","67;61;56;302;55;82;85;219;97","-81.39;-83.38;-87.23;-88.83;-90.17;-91.20;-93.23;-122.55;-124.26","554.59","514.68","519.1","1258","7.46","25.06","240.68","3.61","97.79","86.82","87.76","540","10.98","18.95","246","1","22","25","",""
"1605",2024/3/1 13:41:27,"311","119.84769","31.7049","67.86","79","73","-82.47","0.51","67;61;302;56;55;85;82;219;97","-81.09;-83.86;-88.00;-89.11;-89.98;-91.30;-91.60;-118.02;-124.26","548.12","506.39","512.58","1258","8.26","24.48","240.99","3.75","97.87","86.82","87.46","540","9.47","18.97","246","1","22","25","",""
"1606",2024/3/1 13:41:28,"312","119.84755","31.7048","67.78","79","73","-82.61","0.27","67;61;56;302;55;85;82;219;97","-80.20;-83.30;-86.12;-87.72;-90.41;-91.35;-92.77;-111.99;-155.98","537.44","498.71","503.03","1259","7.21","24.27","240.18","3.61","97.47","86.95","87.59","540","10.38","18.99","246","1","22","25","",""
"1607",2024/3/1 13:41:29,"312","119.84742","31.7047","68.49","79","73","-82.71","-0.12","67;61;56;302;85;82;219","-80.66;-84.34;-86.91;-88.27;-91.68;-93.17;-113.76","531.49","493.56","498.35","1259","7.31","24.35","241.49","3.41","97.38","86.65","87.52","540","10.22","18.92","246","1","22","25","",""
"1608",2024/3/1 13:41:30,"312","119.84728","31.7046","67.87","79","73","-82.92","-0.49","67;61;56;70;302;85;82;219","-79.98;-83.34;-86.20;-87.37;-88.27;-91.25;-94.14;-117.86","534","495.83","499.23","1257","7.83","24.28","242.92","3.53","96.57","86.7","86.98","540","8.7","18.7","246","1","22","25","",""
"1609",2024/3/1 13:41:31,"311","119.84716","31.70449","67.57","79","73","-82.92","-0.19","67;61;56;70;302;85;82;219;97","-79.58;-84.69;-86.45;-87.70;-87.98;-91.65;-93.86;-125.77;-126.96","531.52","494.29","496.99","1259","6.41","24.07","240.74","3.16","96.74","86.83","87.17","540","10.4","18.91","246","1","22","25","",""
"1610",2024/3/1 13:41:32,"312","119.84702","31.70439","69.09","79","73","-83.14","-0.02","67;61;56;70;302;85;82;219;97","-79.80;-84.88;-85.98;-88.02;-88.25;-90.96;-94.57;-119.20;-155.98","531.53","494.22","497.03","1259","8.04","24.07","242.06","3.3","95.79","85.53","86.53","540","9.47","18.25","246","1","22","25","",""
"1611",2024/3/1 13:41:33,"311","119.84687","31.70429","68.68","79","73","-83.17","0.42","67;61;56;70;302;85;82;219","-79.63;-84.38;-86.44;-87.81;-87.95;-90.49;-95.50;-114.06","531.71","495.47","498.45","1259","6.5","24.43","241.2","3.58","94.66","84.4","85.42","540","8.83","18.1","246","1","22","25","",""
"1612",2024/3/1 13:41:34,"312","119.84673","31.70419","69.34","79","73","-83.14","-0.05","67;61;302;56;70;85;82;219","-79.72;-84.15;-86.46;-86.68;-88.05;-90.24;-95.32;-114.23","533.52","493.88","497.85","1259","7.62","23.97","241.2","3","92.93","83.58","84.28","540","9.36","17.96","246","1","22","25","",""
"1613",2024/3/1 13:41:35,"311","119.84659","31.7041","68.46","79","73","-83.15","0.69","67;302;56;61;70;85;82;219","-79.70;-85.11;-85.78;-86.45;-87.53;-90.39;-93.77;-115.55","533.82","495.03","499.44","1259","8.17","24.09","243.5","3","92.49","82.75","83.78","540","9.58","17.97","246","1","22","25","",""
"1614",2024/3/1 13:41:36,"311","119.84645","31.70401","67.59","79","73","-83.57","0.55","67;302;61;56;70;85;82;219","-79.66;-84.20;-84.25;-86.72;-88.48;-89.40;-93.99;-115.85","536.36","498.34","503.26","1259","6.91","24.51","242.01","3","91.3","81.86","82.31","540","10.22","17.64","245.97","1","22","25","",""
"1615",2024/3/1 13:41:37,"312","119.8463","31.70393","68.23","79","73","-83.87","-0.02","67;302;61;56;70;85;82;219","-78.60;-83.30;-86.41;-86.70;-86.91;-89.78;-95.68;-116.83","540.06","499.05","507.12","1258","8.19","24.17","241.24","3","92.27","82.1","83.57","540","9.29","18.85","243","1","23","25","",""
"1616",2024/3/1 13:41:38,"311","119.84616","31.70385","67.7","79","73","-84.13","-0.3","67;302;61;56;70;85;82;219","-79.14;-83.03;-85.89;-86.88;-87.72;-89.88;-95.92;-124.07","542.36","504.39","508.45","1258","5.7","24.79","242.17","3","93.5","84.07","84.7","540","9.36","18.94","243","1","23","25","",""
"1617",2024/3/1 13:41:39,"311","119.846","31.70377","67.26","79","73","-84.14","0","67;302;61;56;70;85;82;219","-79.19;-81.62;-85.77;-86.73;-87.67;-90.02;-97.16;-124.41","541.07","503.67","505.96","1259","6.89","24.29","242.6","3","95.73","85.61","87.17","540","8.83","18.89","243","1","23","25","",""
"1618",2024/3/1 13:41:40,"312","119.84586","31.7037","67.31","79","73","-83.9","0.68","67;302;56;70;61;85;82;219","-78.91;-81.48;-86.91;-87.16;-87.88;-89.95;-97.25;-120.19","542.41","507.87","511.07","1259","6.5","24.39","243.21","3","96.15","87.14","87.1","540","9.92","18.8","243","1","23","25","",""
"1619",2024/3/1 13:41:41,"313","119.84572","31.70363","66.79","79","73","-83.86","1.44","67;302;56;70;85;82;219","-79.07;-80.98;-87.16;-87.85;-89.51;-95.17;-118.37","537.07","495.8","500.93","1257","8.92","24.01","242.07","3","95.02","85.22","85.84","540","9.55","18.27","243","1","23","25","",""
"1620",2024/3/1 13:41:42,"314","119.84557","31.70354","66.37","79","302","-81.06","4.04","73;70;56;82;85;302;67;342","-85.97;-87.57;-87.82;-97.80;-100.15;-101.40;-103.25;-112.36","471.52","495.01","441.35","1257","9.68","23.91","241.23","3.5","94.37","65.92","85.27","540","9","18.2","243","1","23","25","",""
"1621",2024/3/1 13:41:43,"314","119.84542","31.70348","65.79","79","85","-85.16","6.47","302;67;56;61;70;73;342","-79.63;-81.70;-90.45;-91.09;-101.84;-102.54;-136.65","","224.23","","796","20.38","8.17","179.83","3.1","66.58","59.16","59.43","435","13.39","18.93","243.16","1","22","26","",""
"1622",2024/3/1 13:41:44,"315","119.84526","31.70341","65.77","79","85","-85.64","6.06","302;67;56;61;70;73","-79.64;-81.87;-90.74;-93.32;-96.94;-102.98","187.92","145.06","152.3","1383","14.77","11.78","238.39","3.08","72.51","92.85","63.79","600","12.04","18.87","246","1","22","23","",""
"1623",2024/3/1 13:41:45,"315","119.84511","31.70332","66.07","79","85","-85.6","5.48","302;67;61;56;70;73","-79.04;-81.68;-90.13;-90.91;-100.55;-101.95","230.16","215.37","197.34","1408","9.06","13.23","241.63","3.07","103.45","94.87","90.69","600","11.7","18.94","246","1","22","23","",""
"1624",2024/3/1 13:41:46,"316","119.84496","31.70325","65.9","79","85","-85.86","4.55","302;67;56;61;70","-79.16;-82.01;-92.15;-94.17;-101.13","311.47","292.55","282.55","1408","8.4","15.02","241.33","3","110.15","96.66","96.83","600","11.05","18.89","246","1","22","23","",""
"1625",2024/3/1 13:41:47,"318","119.8448","31.7032","65.13","79","85","-85.74","3.78","302;67;56;61;70","-78.77;-81.43;-95.98;-98.16;-99.98","357.98","328.66","329.46","1406","11.87","17.97","241.01","3","110.53","96.49","97.84","600","11.05","19","246","1","22","23","",""
"1626",2024/3/1 13:41:48,"318","119.84464","31.70313","66.08","79","85","-86.02","3","302;67;56;61;70","-78.81;-81.41;-96.51;-96.52;-105.88","400.84","356.91","359.76","1406","16.37","18.04","238.43","3","111.55","97.38","98.82","600","11.16","19","246","1","22","22","",""
"1627",2024/3/1 13:41:49,"318","119.84447","31.70306","66.2","79","85","-86.06","1.55","302;67;61;56;70","-78.86;-81.46;-89.63;-97.85;-100.23","420.96","377.06","379.11","1404","9.64","17.47","244.34","3","113.5","99.22","101.13","600","9.21","18.97","246","1","22","21","",""
"1628",2024/3/1 13:41:50,"317","119.84431","31.70299","65.73","79","67","-85.98","4.05","302;85;61;56;70","-79.78;-85.95;-98.13;-99.38;-101.24","415.34","381.87","364.39","1402","17.66","16.53","239.2","3.18","111.62","97.93","98.91","600","14.36","19.42","245.12","1","22","21","",""
"1629",2024/3/1 13:41:51,"316","119.84416","31.70292","67.2","79","67","-80.97","7.32","302;85;56;70;61","-79.16;-85.48;-94.35;-95.60;-98.32","485.87","558.87","442.91","1407","2.65","26.19","243.07","3","116.83","102.7","103.99","600","10.57","21.12","246","1","19","25","",""
"1630",2024/3/1 13:41:52,"316","119.844","31.70286","66.86","79","67","-77.68","7.12","302;85;56;70;61","-78.09;-87.54;-89.50;-91.96;-99.52","573.11","596.67","535.21","1401","3.08","26.8","242.35","3","118.08","104.33","104.28","600","11.51","19.37","246","1","21","25","",""
"1631",2024/3/1 13:41:53,"316","119.84383","31.7028","67.56","79","67","-77.42","7.09","302;85;61","-78.72;-86.08;-100.94","660.55","630.01","636.07","1402","6.18","26.61","241.85","3","122.67","107.77","108.72","600","11.66","19.41","246","1","21","25","",""
"1632",2024/3/1 13:41:54,"315","119.84365","31.70276","67.8","79","67","-77.64","7.41","302;85","-79.38;-86.89","663.52","635.17","638.14","1402","3.56","26.92","240.22","3","119.67","104.91","105.91","600","10.03","19.29","246","1","22","25","",""
"1633",2024/3/1 13:41:55,"316","119.84349","31.70272","66.71","79","67","-78.17","6.44","302;85","-79.35;-87.14","662.96","630.25","636.59","1403","5.49","26.56","242.36","3","119.79","105.66","106.42","600","10.7","19.25","246","1","22","25","",""
"1634",2024/3/1 13:41:56,"318","119.84332","31.70269","66.37","79","67","-78.93","7.09","302;85","-78.56;-87.63","661.96","633.63","639.19","1402","3.78","26.88","240.1","3","119.54","105.22","106.37","600","10.72","19.23","246","1","22","25","",""
"1635",2024/3/1 13:41:57,"318","119.84316","31.70265","66.22","79","67","-79.51","6.89","302;85","-79.64;-90.52","663.55","632.15","639.28","1402","4.56","26.73","241.69","3","119.03","104.87","105.59","600","11.89","19.28","246","1","22","25","",""
"1636",2024/3/1 13:41:58,"318","119.84298","31.70262","66.66","79","67","-80.21","6.59","302;85;44","-79.16;-90.66;-93.80","660.09","630.65","636.22","1404","4.9","26.72","240.27","3","118.08","103.87","105.04","600","10.85","19.37","246","1","22","25","",""
"1637",2024/3/1 13:41:59,"318","119.84281","31.70261","66.34","79","67","-80.77","5.93","302;85;44","-78.67;-89.98;-92.72","661.03","631.05","635.35","1403","4.19","26.88","240.59","3","117.3","103.53","104.44","600","10.72","19.38","246","1","22","25","",""
"1638",2024/3/1 13:42:00,"318","119.84264","31.70259","66.24","79","67","-81.79","5.12","302;85;44","-78.28;-91.49;-92.90","660.64","632.55","633.6","1402","5.2","26.61","241.75","3.08","117.07","104.91","105.55","600","8.54","19.14","246","1","22","25","",""
"1639",2024/3/1 13:42:01,"318","119.84246","31.70256","65.87","79","67","-83.03","3.25","302;85;44","-78.26;-90.93;-93.09","663.45","639.28","640.97","1402","2.35","26.93","243.43","4","117.3","105.35","105.79","600","10.55","19.18","246","1","22","25","",""
"1640",2024/3/1 13:42:02,"317","119.8423","31.70254","65.56","79","67","-83.85","2.19","302;85;44;56","-77.49;-91.41;-93.31;-123.95","667.97","642.09","646.61","1403","3.49","26.8","243.53","4","116.13","103.6","104.59","600","11.22","18.38","246","1","22","25","",""
"1641",2024/3/1 13:42:03,"317","119.84213","31.70253","65.69","79","67","-79.07","4.84","302;85;56;44;26","-76.19;-88.26;-88.64;-94.95;-107.52","665.75","641.37","645.95","1404","5.34","26.63","239.72","4","113.63","101.99","102.6","600","7.87","18.69","246","1","22","25","",""
"1642",2024/3/1 13:42:04,"316","119.84196","31.70251","65.14","79","67","-79.2","3.79","302;85;56;26;44","-76.31;-87.22;-97.02;-105.30;-107.84","662.41","635.83","639.62","1404","4.06","26.64","242.19","3.33","113.76","101.4","102.54","600","11.05","19.11","246","1","22","25","",""
"1643",2024/3/1 13:42:05,"315","119.84178","31.70249","65.7","79","67","-79.13","4.65","302;85;26;56;44;73","-75.82;-85.12;-86.47;-88.33;-95.45;-99.47","658.74","627.58","631.57","1402","6.84","26.06","241.32","3.38","115.74","102.29","103.97","600","11.37","19.1","246","1","22","25","",""
"1644",2024/3/1 13:42:06,"314","119.8416","31.70247","65.33","79","67","-78.19","5.51","302;85;26;56;44;73","-75.68;-84.07;-86.19;-91.59;-96.24;-98.55","661.01","631.54","636.78","1404","2.71","26.77","242.5","3.25","117.29","104.76","105.04","600","9.66","19.24","246","1","22","25","",""
"1645",2024/3/1 13:42:07,"314","119.84143","31.70246","66.14","79","67","-77.91","5.16","302;85;26;56;44","-75.89;-84.55;-91.55;-95.75;-96.20","658.01","638.22","630.77","1404","4.7","26.16","240.33","3.07","117.41","103.79","105.04","600","10.85","19.27","246","1","22","25","",""
"1646",2024/3/1 13:42:08,"314","119.84124","31.70242","66.6","79","67","-77.92","5.33","302;85;26;56;44","-76.57;-82.95;-85.59;-90.13;-94.34","660.61","638.69","643.24","1404","2.42","26.82","241.83","3.16","118.31","104.79","105.45","600","12.04","19.45","246","1","19","25","",""
"1647",2024/3/1 13:42:09,"314","119.84107","31.7024","66.66","79","67","-77.89","5.15","302;85;26;56;44","-76.64;-81.85;-84.57;-94.70;-95.25","661","641.05","644.16","1402","2.06","26.7","244.27","3.07","120.29","106.26","107.29","600","9.53","19.97","246","1","19","25","",""
"1648",2024/3/1 13:42:10,"315","119.84088","31.70236","67.56","79","67","-77.67","5.36","302;85;26;56;44","-76.76;-81.84;-85.13;-93.36;-96.27","663.24","647.05","650.04","1404","2.56","26.65","241.5","3.33","122.16","109.32","109.46","600","9.38","20.27","246","1","19","25","",""
"1649",2024/3/1 13:42:11,"314","119.84072","31.70235","66.68","79","67","-77.52","6.25","302;85;26;56","-76.91;-81.02;-87.32;-93.82","668.35","653.5","658.14","1404","1.13","26.84","245.42","3.61","125.39","112.46","113.55","600","9.21","21.05","246","1","19","25","",""
"1650",2024/3/1 13:42:12,"314","119.84053","31.70234","67.78","79","67","-77.07","6.39","302;85;26;56","-77.60;-81.23;-82.38;-92.50","668.07","653.47","657.45","1406","2.41","26.78","242.77","3.83","128.95","116.07","116.66","600","9.71","21.83","246","1","19","25","",""
"1651",2024/3/1 13:42:13,"313","119.84035","31.70233","67.16","79","67","-77.07","5.8","302;85;26;56","-77.46;-80.58;-85.59;-88.99","670.2","654.99","659.76","1402","2.56","26.7","242.23","4","132.95","120.91","120.66","600","8.71","22.04","246","1","19","25","",""
"1652",2024/3/1 13:42:14,"312","119.84018","31.70233","68.1","79","67","-77.6","5.25","302;85;26;56","-78.55;-80.60;-84.45;-88.91","667.68","648.77","654.98","1408","2.06","26.76","243.22","4","135.28","121.02","122.62","600","9.36","22.05","246","1","19","25","",""
"1653",2024/3/1 13:42:15,"312","119.83999","31.70231","68.46","79","67","-78.11","4.95","302;85;26;56","-78.44;-80.02;-85.85;-88.98","667.17","641.65","648.02","1408","4.48","26.09","240.19","4","135.92","122.41","123.08","600","9.88","22.1","246","1","19","25","",""
"1654",2024/3/1 13:42:16,"312","119.83981","31.70231","68.41","79","67","-78.51","5.34","302;85;26;56","-78.71;-79.98;-85.01;-87.98","665.03","640.25","646.01","1406","2.35","26.9","242.25","4","135.93","121.32","122.56","600","9.53","22.03","246","1","19","25","",""
"1655",2024/3/1 13:42:17,"312","119.83963","31.70231","67.71","79","67","-79.18","4.48","302;85;26;56","-78.34;-79.89;-85.05;-87.36","661.77","638.89","644.51","1404","3.56","26.67","240.04","4","135.66","122.19","122.64","600","8.86","21.94","246","1","19","25","",""
"1656",2024/3/1 13:42:18,"312","119.83945","31.7023","68.05","79","67","-80.02","3.09","85;302;26;56","-79.86;-79.94;-85.67;-87.53","662.22","643.66","648.61","1406","2.35","26.35","242.42","4","135.54","122.28","123.4","600","8.36","22.05","246","1","19","25","",""
"1657",2024/3/1 13:42:19,"312","119.83928","31.70231","68.15","79","67","-80.66","2.29","302;85;26;56","-79.73;-79.83;-86.13;-87.13","660.03","642.34","644.43","1406","3.41","26.07","240.91","4","135.65","122.35","123.09","600","10.55","22.04","246","1","19","25","",""
"1658",2024/3/1 13:42:20,"312","119.8391","31.70231","67.55","79","67","-81.6","1.75","85;302;26;56","-79.28;-81.72;-85.25;-90.62","661.26","643.35","647.49","1408","2.84","26.29","242.48","4","135.84","121.3","123.29","600","8.51","22.05","246","1","19","25","",""
"1659",2024/3/1 13:42:21,"312","119.83892","31.70231","66.94","79","67","-82.89","0.3","85;302;26;56","-79.44;-80.91;-86.49;-92.04","660.14","641.88","644.36","1408","3.7","26.45","240.24","4","135.34","120.93","122.46","600","9.19","21.84","246","1","19","25","",""
"1660",2024/3/1 13:42:22,"311","119.83874","31.70232","67.92","79","67","-83.67","-0.39","85;302;26;56","-78.69;-81.36;-87.34;-90.81","664.07","645.06","649.37","1406","1.99","26.78","244.49","4","135.26","122.23","123.18","600","8.86","22.02","246","1","19","25","",""
"1661",2024/3/1 13:42:23,"310","119.83856","31.70232","67.91","79","67","-77.42","10.25","85;302;56;26","-78.59;-80.80;-87.41;-88.12","664.27","639.65","644.86","1406","4.67","26.11","241.87","4","134.77","121.79","122.48","600","9.83","21.69","246","1","19","25","",""
"1662",2024/3/1 13:42:24,"310","119.83838","31.70233","68.29","79","67","-77.11","10.83","85;302;44;56;26","-78.61;-81.28;-86.51;-86.52;-88.98","661.62","634.14","639.43","1408","4.56","26.23","239.99","3.75","131.68","118.86","119.59","600","8.71","20.56","246","1","19","25","",""
"1663",2024/3/1 13:42:25,"310","119.83821","31.70234","67.28","79","67","-76.71","13.37","85;302;44;26;56","-78.43;-82.41;-85.88;-88.59;-88.68","660.3","631.03","636.92","1402","3.28","26.4","244.22","3.61","129.23","114.72","117.07","600","9.04","20.89","246","1","19","25","",""
"1664",2024/3/1 13:42:26,"310","119.83804","31.70235","66.56","79","67","-76.79","13.18","85;302;44;26;56","-78.48;-81.43;-85.51;-88.98;-92.32","658.37","634.4","638.08","1404","3.48","26.57","241.09","3.25","126.52","113.48","114.67","600","9.86","20.59","245.96","1","19","25","",""
"1665",2024/3/1 13:42:27,"309","119.83787","31.70236","66.77","79","67","-77.14","12.54","85;302;44;26;56","-78.25;-82.82;-85.54;-89.48;-92.05","665.21","644.32","648.9","1405","2.71","26.88","244.72","3","126.22","113.26","114.25","600","9.54","20.31","245.99","1","19","25","",""
"1666",2024/3/1 13:42:28,"309","119.8377","31.70238","66.44","79","67","-77.86","12.79","85;302;44;26;56","-78.57;-81.47;-85.28;-89.37;-93.45","662.55","636.26","641.86","1401","6.21","25.93","241.41","3.33","123.94","111.66","111.93","600","9.51","19.7","245.96","1","19","25","",""
"1667",2024/3/1 13:42:29,"308","119.83753","31.70239","65.62","79","67","-78.55","11.85","85;302;44;26;56","-78.45;-81.80;-85.88;-90.85;-134.42","663.41","632.46","639.63","1402","4.12","26.73","241.94","4","122.21","109.66","110.36","600","9.36","19.59","246","1","19","25","",""
"1668",2024/3/1 13:42:30,"308","119.83735","31.7024","65.95","79","67","-79.12","10.85","85;302;44;26;56","-78.83;-81.31;-85.20;-89.63;-94.72","655.74","622.91","625.55","1405","5.76","26.14","240.55","3.91","120.11","106.64","108.48","600","9.5","19.42","246","1","22","25","",""
"1669",2024/3/1 13:42:31,"306","119.83717","31.70241","66.47","79","67","-80.32","10.84","85;302;44","-79.02;-81.35;-85.08","655.08","622.26","627.31","1405","5.84","26.44","239.8","4","118.66","106.81","107.47","600","9.04","19.24","246","1","22","25","",""
"1670",2024/3/1 13:42:32,"307","119.837","31.70246","65.96","79","67","-81.95","8.95","85;302;44","-79.08;-80.41;-85.99","650.98","613.11","620.57","1403","5.85","26.04","240.46","4","117.48","104.43","106.41","600","9.86","19.06","245.95","1","22","25","",""
"1671",2024/3/1 13:42:33,"306","119.83683","31.70248","65.66","79","85","-79.16","4.8","302;67;44","-80.58;-84.51;-86.55","533.1","613.11","498.07","1350","13.19","7.73","243","4","114.24","102.85","103.57","576","10.89","18.99","244.28","1","22","25","",""
"1672",2024/3/1 13:42:34,"307","119.83666","31.7025","65.79","79","85","-79.66","5.06","302;67;44","-79.73;-82.89;-86.23","455.63","359.89","417.4","1403","6.91","19.25","243.75","4","114.48","102.7","103.33","600","10.51","19.13","246","1","22","25","",""
"1673",2024/3/1 13:42:35,"308","119.83649","31.70253","65.92","79","85","-79.95","5.74","302;67;44","-79.63;-83.49;-86.86","427.63","412.99","390.75","1403","6.91","22.45","242.38","4","112.51","99.36","100.03","600","12.7","18.98","246","1","22","25","",""
"1674",2024/3/1 13:42:36,"308","119.83632","31.70256","66.05","79","85","-80.36","5.67","302;67;44","-80.11;-83.08;-87.95","525.52","485.19","490.89","1402","7.13","22.58","242.86","4","112.98","97.94","99.36","600","12.04","18.89","246","1","22","25","",""
"1675",2024/3/1 13:42:37,"309","119.83615","31.70259","66.17","79","85","-80.72","5.98","302;67;44","-79.52;-82.35;-87.59","565.2","497.71","500.24","1402","19.38","23.32","239.54","3.91","110.24","94.1","95.34","600","14.07","18.82","246","1","22","25","",""
"1676",2024/3/1 13:42:38,"309","119.83599","31.70262","65.14","79","85","-81.38","6.98","302;67;44","-79.55;-85.13;-88.38","590.27","511.21","515.41","1401","11.56","24.81","241.7","4","108.48","92.94","94.01","600","12.2","18.25","246","1","22","25","",""
"1677",2024/3/1 13:42:39,"311","119.83582","31.70264","65.91","79","85","-81.97","7.48","302;44;67","-79.48;-84.98;-85.42","607.96","540.47","523.56","1402","10.84","24.54","241.11","4","104.56","90.87","91.3","600","10.03","17.29","246","1","22","25","",""
"1678",2024/3/1 13:42:40,"311","119.83565","31.70269","65.46","79","85","-82.3","7.27","302;44;67","-79.14;-84.66;-86.30","607.6","546.4","553.39","1403","8.51","24.4","242.39","3.69","100.12","86.85","88.86","600","11.72","17.58","244.6","1","22","25","",""
"1679",2024/3/1 13:42:41,"310","119.83548","31.70274","65.44","79","85","-83.23","5.3","302;44;67","-79.45;-85.02;-88.28","603.29","548.55","553.36","1402","7.34","24.41","242.27","3.83","98.95","87.21","88.08","600","10.55","18","243","1","23","25","",""
"1680",2024/3/1 13:42:42,"310","119.83531","31.70278","65.31","79","85","-84.14","3.71","302;44;26;67","-79.96;-84.57;-85.68;-89.88","603","557.9","560.63","1402","4.57","24.6","243.23","3.92","96.24","84.16","84.99","600","11.89","16.08","243","1","23","25","",""
"1681",2024/3/1 13:42:43,"310","119.83514","31.70283","66.07","79","85","-85.16","3.72","302;44;26;67;56","-79.88;-84.35;-86.49;-88.43;-91.69","609.93","577.2","579.98","1402","2.35","25.07","244.03","3.91","92.1","81.55","81.58","600","10.05","15.48","243","1","23","25","",""
"1682",2024/3/1 13:42:44,"309","119.83497","31.70287","65.48","79","85","-85.78","3.2","302;44;26;67;56","-80.23;-84.10;-85.95;-86.74;-90.10","617.99","591.84","596.92","1403","3.76","25.38","242.34","4","85.57","73.28","75.82","600","10.16","14.85","243","1","23","25","",""
"1683",2024/3/1 13:42:45,"309","119.83481","31.70293","65.58","79","85","-86.57","3.41","302;67;44;56;50","-80.53;-83.62;-84.38;-90.05;-94.15","626.49","599.24","605.59","1403","4.98","25.36","244.05","3.91","81.58","71.33","72.84","600","10.55","14.45","243","1","23","25","",""
"1684",2024/3/1 13:42:46,"310","119.83467","31.70297","64.69","79","67","-86.74","2.12","302;44;26;85;56;50","-81.59;-83.89;-86.16;-86.69;-90.83;-93.98","630.71","595.5","599.77","1403","6.61","24.84","242.26","3.83","78.72","69.9","70.19","600","10.77","14.89","242.16","1","23","25","",""
"1685",2024/3/1 13:42:47,"309","119.8345","31.70304","65.87","79","67","-83.34","2.06","302;44;26;85;56;50","-81.96;-83.91;-86.80;-87.15;-91.03;-94.02","545.9","426.53","502.33","1371","15.01","12.21","239.11","3.75","81.13","70.96","71.38","590","15.34","16.39","245.58","1","22","26","",""
"1686",2024/3/1 13:42:48,"308","119.83433","31.7031","65.57","79","67","-83.94","0.02","302;44;85;26;56;50","-82.31;-83.82;-86.20;-86.55;-91.89;-94.62","467.09","366.08","418.95","1404","9.76","12.71","237.43","3.92","83.77","73.29","73.37","600","11.35","15.5","246","1","22","26","",""
"1687",2024/3/1 13:42:49,"309","119.83416","31.70316","66.27","79","302","-83.07","4.1","44;85;26;67;50","-84.20;-86.74;-86.76;-87.54;-92.67","395.18","351.16","339.62","1403","15.67","14.78","239.26","4","80.42","69.44","70.61","600","11.55","13.57","245.09","1","22","25","",""
"1688",2024/3/1 13:42:50,"310","119.83401","31.70321","66.41","79","302","-84","2.81","44;85;67;26;50","-82.79;-85.34;-85.46;-86.22;-93.41","383.57","316.33","340.03","1399","9.03","16.75","242.85","3.66","76.81","66.89","68.61","597","10.1","14.29","246","1","22","25","",""
"1689",2024/3/1 13:42:51,"310","119.83386","31.70328","66.07","79","302","-84.31","2.65","44;85;67;50","-82.99;-84.38;-86.26;-93.32","378.53","329.47","333.8","1403","10.08","16.07","243.25","3.07","74.92","65.57","67.35","600","10.05","14.95","245.57","1","22","25","",""
"1690",2024/3/1 13:42:52,"310","119.8337","31.70334","66.02","79","302","-84.32","2.17","85;44;67;50","-82.43;-83.32;-87.12;-90.86","409.14","372.43","374.78","1403","8.9","18.29","243.37","3.25","83.68","75.23","74.75","600","11.18","16.62","243","1","23","25","",""
"1691",2024/3/1 13:42:53,"310","119.83354","31.70341","66.01","79","302","-84.27","2.02","85;44;67;50","-82.40;-82.44;-87.77;-90.59","428.43","391.44","394.14","1403","8.63","18.9","244.24","3","90.34","79.69","80.78","600","10.05","17.22","243","1","23","25","",""
"1692",2024/3/1 13:42:54,"310","119.83341","31.70347","64.93","79","302","-84.3","1.45","85;44;67;50","-81.17;-82.04;-85.15;-88.68","455.88","417.83","418.57","1401","10.64","19.24","242.83","3.33","96.36","84.2","86.14","600","9.71","17.62","243","1","23","25","",""
"1693",2024/3/1 13:42:55,"311","119.83327","31.70354","64.46","79","302","-84.1","1.42","85;44;67;50","-81.34;-82.46;-85.60;-87.16","460.96","426.31","426.45","1401","7.5","19.24","242.51","3.69","99.23","87.43","88.89","600","10.53","18.07","243","1","23","25","",""
"1694",2024/3/1 13:42:56,"312","119.83312","31.70361","65.37","79","302","-83.09","2.02","85;44;67;50","-80.73;-82.68;-86.51;-87.15","462.68","425.99","429.06","1401","7.7","19.4","241.64","4","101.17","89.33","90.34","600","10.36","18.27","243","1","23","25","",""
"1695",2024/3/1 13:42:57,"312","119.83297","31.70368","64.66","79","302","-82.91","1.4","85;44;50;67","-80.82;-81.97;-85.86;-88.30","465.67","432.66","435.67","1401","6.71","19.47","243.78","3.84","102.45","90.46","91.13","600","10.55","18.25","243","1","23","25","",""
"1696",2024/3/1 13:42:58,"311","119.83282","31.70375","64.17","79","302","-82.82","1.94","85;44;67;50","-80.50;-82.00;-85.97;-88.30","467.93","436.43","439.19","1401","6.13","19.56","241.08","3.91","104.63","93.92","94.07","600","8.51","19.03","243","1","23","25","",""
"1697",2024/3/1 13:42:59,"311","119.83268","31.70382","63.37","79","302","-82.62","1.9","85;44;67;50","-79.93;-82.50;-85.45;-89.43","472.11","436.76","439.39","1401","9.28","19.71","241.28","3.84","106.4","94.49","94.98","600","12.89","18.99","243","1","23","25","",""
"1698",2024/3/1 13:43:00,"311","119.83254","31.7039","62.78","79","302","-82.49","2.07","85;44;67;50","-80.45;-82.78;-85.72;-91.17","476.74","443.95","445.92","1402","6.96","19.98","245.72","3.66","108.11","96.13","97.36","600","8.54","18.96","243","1","23","25","",""
"1699",2024/3/1 13:43:01,"312","119.8324","31.70397","62.83","79","302","-82.51","2.14","85;44;67;50","-80.27;-83.31;-88.20;-92.66","484.23","443.29","448.94","1401","8.5","20.07","242.64","3.53","107.86","94.5","94.73","600","15.19","19.02","243.61","1","23","25","",""
"1700",2024/3/1 13:43:02,"312","119.83226","31.70404","62.85","79","302","-82.47","1.78","85;44;67;50","-80.76;-82.91;-89.34;-93.17","484.99","450.68","455.49","1402","7.92","20.33","243.18","3.83","104.2","91.11","92.22","600","10.2","17.14","246","1","22","25","",""
"1701",2024/3/1 13:43:03,"312","119.83212","31.70411","62.19","79","302","-82.28","0.99","85;44;67;50","-80.44;-82.68;-90.14;-90.23","488.3","448.55","453.4","1403","7.84","20.31","242.64","3.61","100.43","86.03","88.03","600","10.55","17.09","246","1","22","25","",""
"1702",2024/3/1 13:43:04,"312","119.83199","31.7042","61.69","79","302","-82.19","-0.35","85;50;44;67","-81.47;-82.75;-83.68;-90.23","484.59","446.35","448.27","1404","9.2","19.55","243.04","3.25","97.03","85.13","86.35","600","10.66","17.13","246","1","22","25","",""
"1703",2024/3/1 13:43:05,"312","119.83185","31.70428","62.4","79","302","-82.42","-2.84","50;85;44","-79.63;-80.63;-83.34","478.68","436.89","442.63","1402","9.17","19.36","244.29","3.38","97.04","85.33","86.01","600","12.5","17.61","244.58","1","22","25","",""
"1704",2024/3/1 13:43:06,"311","119.83171","31.70435","62.83","79","302","-82.48","-5.43","50;85;44","-77.82;-80.29;-83.63","467.95","418.43","423.39","1402","11.99","18.65","243.76","4","99.04","87.14","88.01","600","10.01","18.23","243","1","23","25","",""
"1705",2024/3/1 13:43:07,"311","119.83159","31.70443","61.76","79","302","-82.6","-5.27","50;85;44","-77.57;-79.90;-83.74","454.47","398.5","406.36","1403","10.77","18.35","240.96","4","100.81","89.13","89.75","600","10.05","18.2","243","1","23","25","",""
"1706",2024/3/1 13:43:08,"310","119.83147","31.70451","61.12","79","302","-82.64","-4.67","50;85;44","-77.95;-79.15;-84.06","446.73","391.13","393.98","1404","9.91","18.05","243.1","4","102.49","89.95","91.34","600","11.05","18.2","243","1","23","25","",""
"1707",2024/3/1 13:43:09,"310","119.83135","31.70459","61.05","79","302","-82.52","-3.33","50;85;44","-78.77;-79.48;-84.11","439.03","389.86","395.54","1402","9.56","18.09","243.85","4","102.47","89.84","90.95","600","11.22","18.21","243","1","23","25","",""
"1708",2024/3/1 13:43:10,"309","119.83121","31.70468","61.31","79","302","-82.49","1.18","85;50;44","-78.76;-81.36;-83.94","435.31","394.93","396.4","1403","7.27","18.16","241.69","4","102.27","90.05","90.63","600","10.72","18.1","243","1","23","25","",""
"1709",2024/3/1 13:43:11,"309","119.83108","31.70475","60.98","79","302","-82.73","2.88","85;50;44","-78.93;-82.00;-83.57","435.77","402.11","404.78","1403","8.49","18.59","243.5","4","101.32","89.19","89.78","600","11.22","17.69","243","1","23","25","",""
"1710",2024/3/1 13:43:12,"309","119.83096","31.70484","60.34","79","302","-83.12","2.31","85;50;44","-78.56;-81.15;-83.96","444.36","409.07","411.72","1401","8.56","19","242.04","3.5","99.73","88.35","88.73","600","10.21","17.32","243","1","23","25","",""
"1711",2024/3/1 13:43:13,"310","119.83083","31.70491","60.56","79","302","-83.37","3.64","85;50;44","-79.26;-80.31;-83.69","454.35","418.48","419.79","1403","6.84","19","242.63","3","97.74","85.24","86.78","600","11.39","16.97","243","1","23","25","",""
"1712",2024/3/1 13:43:14,"309","119.8307","31.705","60.56","79","302","-83.88","3.41","50;85;44","-77.35;-79.94;-82.98","457.91","422.57","423.91","1403","6.7","19.08","242.65","3.08","94.94","83.55","84.53","600","10.38","16.33","243","1","23","25","",""
"1713",2024/3/1 13:43:15,"310","119.83058","31.70509","60.26","79","302","-83.48","3.54","50;85;44","-76.20;-80.03;-82.90","457.23","425.36","429.08","1401","7.2","19.39","241.55","3.69","92.67","82.06","82.32","600","10.66","16.29","243","1","23","25","",""
"1714",2024/3/1 13:43:16,"310","119.83045","31.70518","59.94","79","302","-83.34","2.42","50;85;44","-78.13;-80.48;-82.83","458.31","425.34","428","1401","8.6","19.35","241.54","3.83","90.96","80.41","80.98","600","10.86","16.31","243","1","23","25","",""
"1715",2024/3/1 13:43:17,"309","119.83033","31.70527","59.86","79","302","-83.32","2.14","50;85;44","-80.46;-80.81;-83.04","460.4","425.67","428.27","1402","7.7","19.38","240.39","3.92","90.78","80.12","80.82","600","10.38","16.24","243","1","23","25","",""
"1716",2024/3/1 13:43:18,"309","119.83021","31.70535","59.86","79","302","-83.98","2.76","50;85;44;26","-79.46;-81.62;-83.04;-89.71","462.68","425.93","431.42","1403","8.88","19.31","243.72","3.91","90.32","79.21","80.58","600","9.83","16.12","243","1","23","25","",""
"1717",2024/3/1 13:43:19,"309","119.83009","31.70544","60.12","79","302","-83.74","4.04","50;85;44;26","-81.07;-82.15;-83.38;-89.30","457.7","424.69","427.36","1403","8.33","18.9","241.58","4","89.01","79.02","79.69","600","10.38","15.76","243","1","23","25","",""
"1718",2024/3/1 13:43:20,"310","119.82997","31.70553","60.37","79","302","-83.82","2.17","50;44;85;26","-78.85;-83.01;-83.11;-89.93","455.06","427.08","426.68","1403","6.78","18.89","244.76","3.91","87.88","77.6","78.87","600","9.18","15.78","243","1","23","25","",""
"1719",2024/3/1 13:43:21,"311","119.82984","31.70562","60.1","79","302","-83.96","0.49","50;85;44;26","-80.76;-83.04;-84.15;-89.73","450.21","423.37","426.23","1403","7.34","18.86","242.88","4","87.29","77.3","78.42","600","10.05","15.88","243","1","23","25","",""
"1720",2024/3/1 13:43:22,"314","119.82973","31.70572","60.34","79","302","-83.21","-0.23","50;44;85;26","-81.50;-82.98;-83.73;-89.73","450.53","421.46","424.39","1403","7.99","18.96","241.27","4","89.01","79.84","80.14","600","9.71","16.47","243","1","23","25","",""
"1721",2024/3/1 13:43:23,"314","119.8296","31.70581","60.61","79","302","-83.28","-0.91","50;44;85;26","-80.76;-84.55;-84.61;-89.72","448.06","412.95","413.93","1403","10.44","18.75","239.95","4","90.47","80.14","81.33","600","9.33","16.41","243","1","23","25","",""
"1722",2024/3/1 13:43:24,"314","119.82949","31.7059","60.92","79","302","-82.8","-1.79","50;44;85;26;128","-80.33;-82.36;-85.52;-88.11;-94.27","450.66","411.95","416.25","1402","8.13","19.1","239.98","4","93.58","83.17","84.18","600","9.71","17.18","243","1","23","25","",""
"1723",2024/3/1 13:43:25,"314","119.82938","31.706","60.98","79","302","-82.5","-3.31","50;44;85;26;128;192","-80.62;-83.23;-85.35;-88.50;-94.14;-96.54","454","417.79","418.72","1403","8.03","19.21","241.86","4","95.07","84.34","85.52","600","10.16","17.17","243","1","23","25","",""
"1724",2024/3/1 13:43:26,"314","119.82928","31.70609","59.84","79","302","-82.6","-2.21","50;44;85;26;128;192","-82.02;-82.59;-86.98;-87.79;-93.87;-96.16","460.06","420.98","424.68","1401","8.27","19.37","242.73","4","96.95","86.44","87.03","600","10.05","17.2","243","1","23","25","",""
"1725",2024/3/1 13:43:27,"314","119.82917","31.70619","60.17","79","302","-82.87","0.02","44;50;85;26;192;128","-83.91;-85.22;-87.87;-87.90;-93.41;-93.81","465.09","426.52","428.18","1402","7.34","19.37","244.1","3.76","96.92","85.9","86.86","600","10.51","17.16","243","1","23","25","",""
"1726",2024/3/1 13:43:28,"314","119.82906","31.70629","60.49","79","302","-82.84","2.55","44;26;85;50;192;128","-84.28;-87.30;-88.30;-89.52;-92.16;-92.55","469.49","427.86","429.71","1403","7.63","19.35","243.31","3.41","97.1","86.21","86.62","600","10.88","17.27","243","1","23","25","",""
"1727",2024/3/1 13:43:29,"314","119.82896","31.70638","59.95","79","302","-83.08","2.88","44;26;85;50;192;128","-82.84;-87.23;-87.36;-88.37;-91.27;-92.91","474.28","433.41","435.25","1401","7.14","19.77","241.76","3.84","97.32","86.1","87","600","9.34","17.38","243","1","23","25","",""
"1728",2024/3/1 13:43:30,"314","119.82886","31.70646","59.1","79","302","-82.83","2.55","44;85;26;50;192;128;56","-84.10;-86.43;-87.33;-87.36;-91.47;-91.87;-111.07","478.42","439.63","439.84","1402","6.34","20.11","239.26","3.91","98.57","87.5","88.01","600","10.05","17.86","243","1","23","25","",""
"1729",2024/3/1 13:43:31,"314","119.82877","31.70656","58.24","79","302","-83.03","3.42","44;50;85;26;192;128;56","-82.29;-83.99;-85.77;-87.73;-88.11;-91.59;-122.49","484.14","446.64","450.81","1403","7.67","20.39","241.89","3.92","99.52","88.52","89.14","600","10.38","17.83","243","1","23","25","",""
"1730",2024/3/1 13:43:32,"316","119.82867","31.70666","58.1","79","302","-83.39","1.75","50;44;85;192;26;128","-80.30;-83.13;-84.34;-87.57;-88.78;-91.65","490.42","453.84","456.82","1402","6.99","20.69","241.78","4","100.9","89.67","90.05","600","10.2","18.14","243","1","23","25","",""
"1731",2024/3/1 13:43:33,"316","119.82859","31.70675","56.78","79","302","-83.18","-0.46","50;85;44;192;26;128","-79.59;-83.63;-83.73;-87.54;-87.67;-90.33","496.68","455.75","460.7","1402","8.41","20.59","241.25","4","101.54","89","90.64","600","10.03","18.18","243","1","23","25","",""
"1732",2024/3/1 13:43:34,"317","119.82851","31.70685","55.96","79","302","-83.16","-3.61","50;44;85;192;26;128","-78.70;-81.78;-82.40;-86.24;-87.40;-93.52","498.4","457.2","461.52","1403","6.78","20.62","242.85","4","102.27","90.4","90.54","600","11.72","18.21","243","1","23","25","",""
"1733",2024/3/1 13:43:35,"316","119.82843","31.70695","55.67","79","302","-83.37","-3.81","50;85;44;26;192;128","-77.40;-82.10;-84.45;-86.57;-86.69;-91.10","497.11","452.37","457.03","1402","9.49","20.44","241.17","4","102.39","90.24","90.78","600","10.21","18.2","243","1","23","25","",""
"1734",2024/3/1 13:43:36,"316","119.82834","31.70704","55.42","79","302","-83.44","-4.87","50;44;85;26;192;128","-77.91;-81.34;-81.52;-86.93;-87.73;-91.47","494.92","451.05","453.55","1401","8.99","20.5","242.73","4","102.42","90.46","90.85","600","10.21","18.2","243","1","23","25","",""
"1735",2024/3/1 13:43:37,"315","119.82827","31.70713","54.12","79","302","-83.75","-5.41","50;85;44;26;192;128","-78.01;-81.41;-83.59;-86.91;-90.15;-90.86","495.07","448.13","451.97","1403","9.05","20.67","242.07","4","102.41","89.94","91.35","600","10.21","18.19","243","1","23","25","",""
"1736",2024/3/1 13:43:38,"315","119.82819","31.70722","53.24","79","302","-83.89","-4.4","50;85;44;26;128;192","-78.01;-81.27;-82.86;-87.23;-90.27;-94.75","498.65","454.35","457.37","1402","8.13","20.71","242.9","4","102.42","90.6","91.3","600","10.05","18.2","243","1","23","25","",""
"1737",2024/3/1 13:43:39,"314","119.82811","31.70732","52.92","79","302","-83.92","-2.73","50;85;44;26;128;192","-78.77;-81.19;-81.26;-87.08;-89.58;-99.18","499.58","459.36","460.39","1402","9.35","20.75","242","4","102.4","90.65","91.4","600","9.88","18.19","243","1","23","25","",""
"1738",2024/3/1 13:43:40,"314","119.82803","31.70741","52.75","79","302","-84.39","-3.11","50;85;44;26;128","-78.34;-81.27;-83.91;-87.60;-89.58","499.84","460.18","464.92","1404","7.55","20.64","242.78","4","102.44","90.69","91.31","600","11.03","18.22","243","1","23","25","",""
"1739",2024/3/1 13:43:41,"314","119.82795","31.7075","51.99","79","302","-84.51","-1.9","50;44;85;26;128","-77.97;-80.52;-81.71;-87.98;-89.00","501.15","461.64","465.55","1404","7.91","20.54","242.43","4","102.44","90.41","91.14","600","10.38","18.21","243","1","23","25","",""
"1740",2024/3/1 13:43:42,"314","119.82788","31.7076","51.51","79","302","-84.6","-0.95","50;85;44;26;128","-77.52;-81.88;-83.90;-87.65;-88.39","498.55","458.64","460.35","1404","9.91","20.24","242.95","4","102.01","89.4","89.9","600","12.56","17.86","243","1","23","25","",""
"1741",2024/3/1 13:43:43,"314","119.82781","31.7077","51.01","79","302","-84.78","-0.82","50;44;85;26;128","-77.71;-81.48;-82.89;-88.24;-89.34","496.54","454.23","458.37","1404","7.56","20.27","242.62","4","99.73","87.15","87.53","600","12.73","17.03","243","1","23","25","",""
"1742",2024/3/1 13:43:44,"314","119.82774","31.7078","51.45","79","302","-84.88","0.28","50;44;85;26;128","-77.56;-82.09;-84.00;-87.38;-88.66","493.14","454.03","456.28","1404","7.47","20.2","242.86","4","97.35","84.31","84.79","600","12.06","16.93","243","1","23","25","",""
"1743",2024/3/1 13:43:45,"314","119.82766","31.70791","51.83","79","302","-85.05","-0.38","50;44;85;26;128","-77.71;-83.02;-84.38;-87.52;-88.75","492.89","459.8","462.1","1403","6.35","20.43","244.42","4","96.44","83.57","84.89","600","9.71","17.51","243","1","23","25","",""
"1744",2024/3/1 13:43:46,"314","119.82759","31.70801","51.31","79","302","-85.38","-1.24","50;44;85;26;128","-78.15;-82.00;-83.15;-87.63;-87.99","489.68","456.89","459.24","1401","8.2","20.07","241.92","4","97.8","86.55","87.07","600","10.36","17.73","243","1","23","25","",""
"1745",2024/3/1 13:43:47,"313","119.82752","31.70812","52.51","79","302","-85.28","-1.38","50;85;44;128;26","-79.51;-82.06;-83.33;-88.15;-88.84","490.48","452.56","457.82","1402","8.06","20.33","242.21","3.38","99.19","89.24","88.72","600","10.86","17.73","243","1","23","25","",""
"1746",2024/3/1 13:43:48,"314","119.82745","31.70823","53.06","79","302","-85.64","-1.86","50;85;44;128;26;179","-80.45;-81.60;-82.37;-87.27;-88.80;-96.70","490.81","445.88","447.71","1403","10.12","20.04","244.51","3.66","99.05","87.59","88.33","600","10.53","17.26","243","1","23","25","",""
"1747",2024/3/1 13:43:49,"314","119.82739","31.70834","53.07","79","302","-85.64","-2.39","50;85;44;128;26;179","-79.77;-80.34;-83.21;-87.34;-87.71;-98.65","490.14","440.5","445.61","1402","7.99","19.95","242","4","97.99","86.94","87.48","600","9.5","17.16","243","1","23","25","",""
"1748",2024/3/1 13:43:50,"314","119.82732","31.70845","53.61","79","302","-85.42","-3.67","50;85;44;128;179","-79.87;-80.09;-82.45;-86.65;-99.77","484.22","437.47","439.05","1402","9.48","19.59","242.26","4","96.04","85.01","85.64","600","11.53","16.65","243","1","23","25","",""
"1749",2024/3/1 13:43:51,"314","119.82725","31.70856","54.16","79","302","-85.51","-3.97","50;85;44;128;179","-79.72;-79.90;-82.61;-86.03;-97.65","477.27","433.59","438.8","1403","7.77","19.76","242.09","4","94.03","82.74","83.87","600","10.21","16.39","243","1","23","25","",""
"1750",2024/3/1 13:43:52,"314","119.82719","31.70867","53.61","79","302","-86.41","-5.23","50;85;44;192;128;179","-79.34;-80.50;-83.02;-85.72;-86.21;-96.18","479.5","433.37","435.73","1402","9.42","19.79","243.93","4","91.59","80.96","81.7","600","9.71","16.05","243","1","23","25","",""
"1751",2024/3/1 13:43:53,"313","119.82714","31.70877","53.3","79","302","-86.46","-4.63","50;85;44;192;128","-79.46;-81.10;-81.45;-84.31;-85.72","475.2","428.89","430.66","1402","8.35","19.36","241.6","4","89.92","79.62","80.32","600","10.72","16.06","243","1","23","25","",""
"1752",2024/3/1 13:43:54,"313","119.82708","31.70889","53.86","79","302","-86.54","-5.87","50;85;44;192;128","-79.41;-82.39;-83.48;-83.97;-86.44","470.67","426.48","427.74","1402","9.27","19.29","243.6","4","88.62","78.5","79.14","600","10.38","15.74","243","1","23","25","",""
"1753",2024/3/1 13:43:55,"312","119.82702","31.70899","53.69","79","302","-86.63","-3.84","50;44;192;85;128","-79.06;-82.70;-84.43;-84.73;-85.83","465.8","427.13","429.79","1403","7.84","19.68","242.4","4","86.84","77.08","77.23","600","10.72","15.44","243","1","23","25","",""
"1754",2024/3/1 13:43:56,"312","119.82697","31.70909","52.87","79","302","-86.78","-4.45","50;44;192;128;85;26","-78.58;-82.08;-84.13;-85.91;-88.00;-92.15","471.55","431.87","434.24","1404","8.47","19.87","242.01","4","85.04","74.75","75.78","600","10.35","15.34","243","1","23","25","",""
"1755",2024/3/1 13:43:57,"312","119.82692","31.7092","53.24","79","302","-87.49","-5.69","50;44;192;128;85;26","-79.43;-82.70;-85.16;-85.39;-90.23;-91.38","481.6","435.6","438.07","1404","9.49","19.96","243.59","4","84.54","74.68","75.18","600","10.68","15.52","243","1","23","25","",""
"1756",2024/3/1 13:43:58,"312","119.82687","31.70931","52.65","79","44","-82.63","5.21","50;192;302;128;26;85;219","-79.08;-83.88;-85.79;-86.16;-92.06;-94.30;-114.94","457.95","341.54","399.74","1401","16.58","15.07","241.77","3.54","84.49","74.31","75.35","600","11.96","17.02","244.02","1","23","25","",""
"1757",2024/3/1 13:43:59,"312","119.82682","31.70941","51.99","79","44","-82.13","7.46","50;192;128;302;26;85;219","-79.29;-83.63;-84.84;-85.87;-91.13;-107.18;-113.23","441.51","342.16","386.73","1260","8.34","20.76","240.89","3","86.68","76.44","76.62","540","11.95","18.98","242.31","1","22","25","",""
"1758",2024/3/1 13:44:00,"311","119.82676","31.70953","52.35","79","50","-82.78","6.65","44;192;128;302;26;56","-83.05;-84.16;-84.36;-85.88;-91.94;-92.54","438.84","334.56","385.17","1259","10.73","22.04","242.12","3","90.87","79.68","80.32","540","10.55","18.77","245.51","1","22","25","",""
"1759",2024/3/1 13:44:01,"312","119.82671","31.70965","52.69","79","50","-79.29","9.01","44;128;192;302;26;56","-82.52;-84.66;-85.57;-87.05;-91.80;-92.27","460.67","363.76","417.61","1373","11.47","14.71","241.23","2.91","100.08","87.07","88.7","586","12.7","20.52","245.57","1","19","25","",""
"1760",2024/3/1 13:44:02,"313","119.82666","31.70976","52.55","79","50","-79.5","7.23","44;128;302;192;26;56;85","-82.66;-83.87;-86.59;-87.88;-92.17;-92.73;-100.03","481.02","379.91","436.35","1406","8.63","15.66","240.1","3.15","112.27","98.91","100.26","600","10.2","20.93","246","1","19","25","",""
"1761",2024/3/1 13:44:03,"313","119.82662","31.70988","52.3","79","50","-79.85","5.88","44;128;302;192;56;26;85","-82.72;-83.91;-87.94;-88.19;-91.73;-92.42;-96.05","516","477.15","476.22","1404","9.4","15.87","240.27","3.08","126.29","110.46","112.98","600","10.38","21.31","246","1","19","25","",""
"1762",2024/3/1 13:44:04,"314","119.82659","31.71","52.86","79","50","-80.1","4.96","44;128;302;85;192;56;26","-82.55;-83.54;-86.70;-87.41;-87.63;-91.39;-93.74","523.08","480.75","485.15","1406","8.38","15.58","239.11","3","129.38","115.04","115.97","600","10.29","21.29","246","1","19","25","",""
"1763",2024/3/1 13:44:05,"313","119.82655","31.71013","53.9","79","50","-80.56","3.38","128;44;302;85;192;56;26","-83.43;-83.49;-85.87;-86.66;-87.32;-91.78;-94.58","546.85","520.07","517.14","1406","2.34","24.22","242.25","3.08","130.8","116.19","117.18","600","9.88","21.6","246","1","19","25","",""
"1764",2024/3/1 13:44:06,"313","119.82652","31.71025","54.53","79","50","-81.21","2.66","128;85;44;302;192;56;26","-82.84;-82.98;-83.51;-86.27;-87.32;-91.61;-119.57","591.96","582.56","575.5","1403","1.07","26.19","244.72","3.46","131.81","117.11","117.84","600","11.33","21.66","246","1","19","25","",""
"1765",2024/3/1 13:44:07,"313","119.82647","31.71038","54.56","79","50","-81.35","1.69","128;85;44;302;192;56","-82.76;-83.88;-83.94;-86.67;-91.07;-91.16","637.71","619.75","620.73","1404","6.54","25.51","241.67","3.75","132.4","117.69","118.39","600","10.18","21.56","246","1","19","25","",""
"1766",2024/3/1 13:44:08,"313","119.82642","31.71051","55.31","79","50","-82.24","-0.02","85;128;44;192;302;56","-81.71;-82.53;-83.91;-84.12;-85.15;-91.15","645.84","612.63","615.95","1404","7.12","25.42","243.76","4","132.96","118.1","118.97","600","9.84","21.68","246","1","19","25","",""
"1767",2024/3/1 13:44:09,"313","119.82638","31.71064","57.35","79","50","-82.78","-0.58","85;128;192;44;302;56","-77.95;-82.95;-83.84;-84.73;-85.92;-91.18","625.85","568.95","573.96","1406","13.03","22.78","242.23","4","132.92","118.52","119.65","600","9.18","21.72","246","1","19","25","",""
"1768",2024/3/1 13:44:10,"313","119.82635","31.71075","56.14","79","85","-77.64","9.91","50;128;192;44;302;56","-82.51;-83.19;-84.23;-84.55;-85.33;-90.48","562.91","558.53","496.13","1406","18.04","20.42","238.81","3.27","125.96","111.64","113.21","600","12.02","19.8","243.78","1","22","25","",""
"1769",2024/3/1 13:44:11,"314","119.8263","31.71088","56.4","79","85","-78.42","8.82","50;128;44;302;192;56","-82.79;-83.29;-84.28;-85.68;-89.59;-90.40","570.34","578.84","508.55","1406","5.98","26.84","240.81","3","120.58","106.36","108.38","600","9.38","19.23","246","1","22","24","",""
"1770",2024/3/1 13:44:12,"315","119.82627","31.71101","56.61","79","85","-81.69","6.32","128;302;44;192;56","-83.48;-84.31;-85.57;-88.63;-88.80","599.09","589.59","544.21","1404","8.53","26.28","240.67","3","115.93","103.5","103.79","600","10.63","19.18","246","1","22","21","",""
"1771",2024/3/1 13:44:13,"314","119.82625","31.71115","58.37","79","85","-82.9","5.03","56;128;44;192;302","-82.56;-83.15;-85.01;-86.11;-92.41","659.76","623.04","627.45","1404","3.08","26.63","242.58","3","123.44","109.55","111.94","600","9.74","22.31","246","1","22","20","",""
"1772",2024/3/1 13:44:14,"315","119.82622","31.71127","58.37","79","85","-82.7","-1.71","56;192;128;44;302","-80.99;-84.95;-85.08;-88.73;-92.95","655.63","615.97","621.41","1402","7.21","26.05","241.19","3","138.99","123.33","125.66","600","9.88","25.64","246","1","19","18","",""
"1773",2024/3/1 13:44:15,"315","119.8262","31.7114","57.79","79","85","-76.57","9.28","56;128;192;147;44;302","-80.99;-83.89;-84.16;-84.20;-86.05;-87.24","650.54","615.03","620.17","1406","5.55","25.55","240.54","3","149.84","134.58","135.6","600","9.24","24.43","246","1","19","17","",""
"1774",2024/3/1 13:44:16,"314","119.82619","31.71153","58.55","79","85","-76.32","11.23","56;147;192;128;302;44","-80.62;-81.55;-82.76;-83.84;-84.54;-85.99","643.99","601.93","603.99","1406","6.49","25.75","241.69","3","159.73","142.59","143.36","600","9.88","25.33","246","1","19","17","",""
"1775",2024/3/1 13:44:17,"314","119.82618","31.71166","58.26","79","85","-74.55","11.67","147;192;56;44;302","-79.55;-81.44;-81.51;-88.01;-96.57","640.38","596.54","598.6","1404","8.19","25.73","241.44","3","159.38","142.63","144.22","600","7.53","25.62","246","1","19","18","",""
"1776",2024/3/1 13:44:18,"314","119.82615","31.71178","57.64","79","85","-74.97","9.21","147;192;56;179;44;302;26","-78.45;-81.29;-82.03;-82.13;-89.72;-100.30;-103.53","636.35","588.09","590.87","1406","7.84","25.61","241.72","3","162.18","145.15","145.63","600","12.06","25.45","246","1","19","18","",""
"1777",2024/3/1 13:44:19,"315","119.82613","31.71189","56.34","79","85","-76.64","5.66","147;192;56;179;302;44;26","-77.54;-81.73;-82.48;-83.70;-85.38;-87.23;-97.20","633.72","580.97","584.21","1404","8.76","25.27","241.36","3","161.76","144.43","145.57","600","9.36","25.15","246","1","19","19","",""
"1778",2024/3/1 13:44:20,"315","119.82612","31.71201","56.94","79","85","-79.27","3.46","147;192;56;302;44;26","-76.87;-81.07;-82.68;-85.80;-87.01;-96.96","631.43","578.13","583.48","1404","7.48","25.29","243.66","3","160.02","141.65","143.49","600","8.86","25.04","246","1","19","20","",""
"1779",2024/3/1 13:44:21,"315","119.8261","31.71213","56.24","79","85","-81.86","0.34","147;192;56;26;302;44;179","-75.10;-81.20;-81.22;-84.73;-86.11;-87.69;-89.77","621.57","564.54","570.38","1402","9.63","24.18","241.96","3","159","141.8","143.62","600","9.6","25.14","246","1","19","20","",""
"1780",2024/3/1 13:44:22,"315","119.82608","31.71225","55.74","79","147","-74.88","3.77","85;56;192;44;179;26;302","-80.05;-80.84;-81.78;-88.73;-91.05;-91.43;-92.06","530.44","564.54","482.12","1397","11.68","10.66","237.82","3","149.5","133.46","136.21","598","9.49","22.72","242.43","1","19","23","",""
"1781",2024/3/1 13:44:23,"316","119.82607","31.71236","54.38","79","147","-74.53","3.22","85;192;56;302;44;26","-77.86;-82.31;-83.43;-86.36;-89.88;-116.34","442.74","350.6","400.73","1410","8.05","12.34","239.96","3","145.02","132.18","132.91","600","7.69","23.73","239.92","1","19","22","",""
"1782",2024/3/1 13:44:24,"316","119.82606","31.71248","54.27","79","147","-74.33","2.65","85;192;56;26;44;302","-75.16;-82.11;-83.61;-90.24;-90.40;-103.27","419.56","402.17","387.18","1404","4.92","20.52","242.4","3","143.56","130.74","131.57","600","9.54","24.48","245.98","1","19","21","",""
"1783",2024/3/1 13:44:25,"316","119.82605","31.7126","53.79","79","147","-75.18","-0.31","85;192;56;26;44;302","-75.69;-81.09;-83.20;-90.73;-95.00;-101.12","505.83","473.49","478.94","1404","5.5","25.16","232.68","3","149.51","134.19","135.43","600","11.11","25.47","224.75","1","19","19","",""
"1784",2024/3/1 13:44:26,"316","119.82605","31.71271","52.82","79","147","-78.28","-3.97","85;192;56;26;302;44;159","-78.41;-81.84;-81.95;-87.00;-88.77;-90.75;-95.93","572.68","537.72","541.78","1397","7.71","24.82","234.8","3","150.5","134.19","135.28","600","9.39","25.28","229.19","1","19","20","",""
"1785",2024/3/1 13:44:27,"316","119.82605","31.71284","52.81","79","147","-102.88","-15.63","85;192;56;26;159;44;302","-79.87;-82.02;-83.47;-84.00;-87.38;-89.38;-90.09","599.47","556.9","568.93","1399","4.48","25.67","231.52","3.16","148.95","133.57","134.06","600","9.04","25.04","232.78","1","19","26","",""
"1786",2024/3/1 13:44:28,"316","119.82606","31.71296","52.76","79","147","-77.82","6.28","85;192;56;128;302;26;44;159","-79.29;-80.30;-81.42;-83.74;-84.61;-86.13;-89.54;-117.79","556.77","512.73","522.56","1342","8.8","24.92","213.21","3.3","139.18","116.69","118.55","600","27.42","19.72","233.33","1","7","5","",""
"1787",2024/3/1 13:44:29,"316","119.82606","31.71308","53.16","79","147","-76.85","8.89","85;192;56;26;302;128;44;159","-80.53;-81.74;-81.85;-82.70;-83.05;-85.29;-89.61;-149.62","519.34","478.71","488.36","1287","7.08","24.67","228.56","3.08","123.35","102.01","103.31","600","10.88","18.46","235.75","1","13","11","",""
"1788",2024/3/1 13:44:30,"316","119.82608","31.7132","52.7","79","147","-75.47","8.72","192;26;56;85;302;128;44;159","-80.68;-83.13;-83.41;-84.25;-84.35;-84.61;-90.43;-90.59","511.2","465.22","481.14","1383","4.78","25.11","218.08","3.15","124.36","102.06","104.34","600","9.23","24.8","240.25","1","19","18","",""
"1789",2024/3/1 13:44:31,"316","119.82608","31.71333","53.09","79","147","-76.75","9.5","192;56;26;85;128;302;44;159","-80.53;-81.44;-82.80;-82.84;-84.64;-87.30;-87.54;-88.71","543.78","531.26","518.95","1325","4.33","25.28","236.4","3","136.82","118.96","123.47","600","9.54","24.94","242.11","1","19","19","",""
"1790",2024/3/1 13:44:32,"316","119.8261","31.71346","54.02","79","147","-80.35","4.26","192;56;26;128;302;85;44;159","-81.48;-82.85;-83.68;-85.98;-87.34;-88.70;-88.98;-94.04","541.25","519.24","518.84","1390","5.25","24.88","227.02","3.46","155.39","139.81","140.48","600","9.5","25.14","243.45","1","19","20","",""
"1791",2024/3/1 13:44:33,"316","119.8261","31.71359","54.91","79","147","-85.24","-0.04","192;26;56;302;44;85;128;159;50","-80.94;-82.52;-82.95;-86.42;-88.80;-90.04;-91.25;-95.59;-96.27","549.6","525.48","523.74","1332","7.14","24.49","228.37","3.91","153.19","137.68","136.72","600","12.39","23.39","241.32","1","19","21","",""
"1792",2024/3/1 13:44:34,"316","119.82612","31.71372","54.67","79","147","-75.64","5.11","192;56;26;302;44;85;128;159;50","-79.89;-81.09;-81.76;-84.13;-87.23;-90.08;-91.52;-93.45;-97.22","539.87","509.03","503.9","1402","10.16","23.46","239.93","4","143.35","127.55","128.11","600","8.51","21.62","236.07","1","19","18","",""
"1793",2024/3/1 13:44:35,"317","119.82614","31.71383","54.31","79","147","-77.8","3.39","192;26;56;85;159;302;44;50","-80.93;-82.35;-82.61;-91.09;-91.94;-95.67;-97.91;-99.20","524.28","474.42","476.82","1403","12.2","19.22","233.58","4","135.25","116.89","120.59","600","9.47","21.61","242.27","1","19","19","",""
"1794",2024/3/1 13:44:36,"316","119.82616","31.71396","55.92","79","147","-81.44","0.45","192;26;56;302;44;159;50","-81.28;-82.20;-83.03;-85.51;-95.23;-95.73;-98.73","520.13","464.35","468.2","1405","10.24","19.32","237.81","3.84","126.55","115.45","113.75","600","10.72","20.14","241.31","1","19","19","",""
"1795",2024/3/1 13:44:37,"315","119.82619","31.71407","55.17","79","147","-87.42","-6.05","192;56;26;302;44;159","-81.46;-82.41;-82.46;-87.54;-92.35;-93.26","479.6","429.07","432.85","1404","10.48","18.86","239.41","3.58","123.73","107.04","109.46","600","13.35","19.37","245.58","1","22","21","",""
"1796",2024/3/1 13:44:38,"315","119.8262","31.71419","54.47","79","147","-83.95","-8.22","192;26;56;302;159;44;50","-80.59;-82.13;-82.47;-85.77;-92.36;-94.43;-100.91","465.74","424.26","428.09","1405","7.12","18.98","240.03","4","112.4","97.5","97.03","600","16.91","16.21","245.63","1","19","19","",""
"1797",2024/3/1 13:44:39,"316","119.82622","31.71431","54.51","79","147","-83.13","2.15","192;26;56;302;159;50;44","-80.74;-82.09;-82.41;-86.15;-88.97;-93.30;-95.06","455.2","415.08","420.89","1403","8.37","19.14","238.32","3.25","106.82","90.52","91.46","600","12.66","18.35","245.22","1","21","19","",""
"1798",2024/3/1 13:44:40,"316","119.82625","31.71443","54.62","79","147","-83.07","2.43","26;192;56;302;159;44;50","-81.22;-81.99;-82.97;-87.43;-88.62;-94.32;-94.41","446.66","410.35","413.34","1388","8.96","18.68","238.69","3.46","105.97","90.02","91.8","600","11.55","19.16","245.61","1","22","21","",""
"1799",2024/3/1 13:44:41,"316","119.82628","31.71456","55.4","79","147","-83.77","1.86","26;192;56;159;302;85;44;50","-81.77;-81.80;-82.56;-87.13;-87.26;-90.66;-90.83;-93.56","452.11","413.26","416","1401","8.08","19.76","241.4","3.91","112.28","96.44","97.74","600","14.33","19.52","244.05","1","22","20","",""
"1800",2024/3/1 13:44:42,"316","119.82631","31.71467","54.38","79","147","-84.2","1.59","26;192;56;159;44;302","-81.80;-82.20;-82.61;-86.63;-94.56;-100.11","475.44","438.18","438.95","1401","7.56","16.8","241.52","4","118.87","102.2","103.77","600","11.37","19.75","246","1","19","21","",""
"1801",2024/3/1 13:44:43,"318","119.82635","31.71478","53.74","79","147","-84.28","2","26;56;192;159;44;302","-81.61;-82.31;-83.13;-85.65;-89.92;-93.03","489.35","454.37","458.02","1401","7.85","14.85","240.24","4","122.14","106.19","107.14","600","9.68","20.56","245.64","1","19","19","",""
"1802",2024/3/1 13:44:44,"318","119.82638","31.71489","53.06","79","147","-83.16","3.18","26;56;192;159;44","-81.98;-82.76;-83.45;-86.22;-91.07","503.17","473.5","474.16","1402","5.63","19.7","243.39","3.38","127.97","112.39","114.84","600","9.21","22.14","246","1","19","17","",""
"1803",2024/3/1 13:44:45,"318","119.82642","31.71501","53.71","79","147","-82.57","2.45","26;192;56;159;128;44","-81.24;-81.67;-83.24;-88.33;-89.73;-91.99","540.76","522.36","518.95","1403","1.77","24.64","243.34","3","134.96","119.54","121.18","600","10.88","23.04","246","1","19","17","",""
"1804",2024/3/1 13:44:46,"317","119.82646","31.71512","52.96","79","147","-82.45","2.19","26;192;56;128;159;44;50","-81.04;-81.14;-83.30;-83.84;-87.02;-95.05;-99.76","592.87","569.86","576.82","1403","2.5","25.41","243.26","3.23","141.29","125.99","126.68","600","10.29","23.19","245.54","1","19","17","",""
"1805",2024/3/1 13:44:47,"318","119.8265","31.71523","52.32","79","147","-75","2.67","26;192;56;128;159;44;50","-80.23;-80.47;-81.48;-84.80;-87.75;-95.10;-97.38","626.69","606.46","610.46","1404","4.55","24.79","241.36","3.5","148.13","132.07","132.96","600","9.51","24.71","245.54","1","19","18","",""
"1806",2024/3/1 13:44:48,"318","119.82653","31.71534","52.77","79","147","-74.57","2.18","192;26;56;128;159;44;50","-80.98;-81.32;-81.47;-84.21;-86.87;-89.62;-101.71","639.1","619.45","621.83","1406","1.99","26.04","243.55","3.92","153.7","137.32","138.87","600","8.51","25.22","246","1","19","18","",""
"1807",2024/3/1 13:44:49,"319","119.82657","31.71545","52.5","79","147","-74.35","2.48","26;192;56;128;159;44;50","-80.52;-81.77;-82.63;-83.95;-85.57;-92.93;-102.13","646.91","624.6","630.29","1402","2.99","26.11","244.38","3.66","158.79","141.22","143.46","600","9.71","25.34","246","1","19","18","",""
"1808",2024/3/1 13:44:50,"319","119.82662","31.71556","52.29","79","147","-75.46","2.23","192;26;56;128;159;44;50","-81.36;-81.63;-82.78;-83.80;-85.45;-92.62;-95.06","648.57","631.02","634.09","1406","2.87","26","241.62","3.15","160.55","143.56","144.51","600","10.38","25.34","246","1","19","18","",""
"1809",2024/3/1 13:44:51,"319","119.82666","31.71568","52.06","79","147","-77.28","1.15","192;26;56;128;159;44;50","-80.91;-81.19;-81.92;-83.66;-84.71;-92.97;-99.27","650.61","630.85","636.01","1404","2.98","26.04","245.1","3","161.11","143.53","144.19","600","9.84","25.37","246","1","19","18","",""
"1810",2024/3/1 13:44:52,"319","119.82672","31.71579","52.29","79","147","-80.06","-1.53","192;26;56;128;159;44;50","-80.05;-81.58;-82.63;-84.20;-86.15;-98.25;-101.78","648.03","624.35","630.03","1406","4.26","25.88","240.89","3.23","161.1","142.52","143.62","600","10.85","25.33","246","1","19","19","",""
"1811",2024/3/1 13:44:53,"319","119.82677","31.71589","52.03","79","147","-81.94","-2.84","192;26;56;128;159;302;44;50","-80.35;-81.82;-82.55;-83.68;-85.28;-91.04;-96.59;-103.14","645.78","620.41","624.56","1406","4.48","25.82","241.84","3.5","160.72","142.88","143.79","600","10.2","25.22","245.98","1","19","18","",""
"1812",2024/3/1 13:44:54,"319","119.8268","31.71599","51.59","79","147","-84.71","-3.81","192;26;56;128;159;302;44;50","-79.82;-83.38;-83.80;-83.90;-85.20;-91.52;-92.98;-93.41","633.77","605.61","608.82","1406","6.22","24.26","240.85","3.61","160.15","141.6","143.24","600","9.8","25.2","246","1","19","19","",""
"1813",2024/3/1 13:44:55,"319","119.82685","31.71609","50.85","79","147","-86.08","-5.4","192;56;26;128;159;302;50;44","-80.16;-82.95;-83.32;-83.34;-85.85;-92.66;-98.66;-108.02","634.36","607.91","611.02","1404","2.9","25.85","242.13","4","159.53","141.66","143.02","600","10.33","25.21","245.18","1","19","19","",""
"1814",2024/3/1 13:44:56,"319","119.82689","31.71619","50.44","79","147","-78.36","7.71","192;128;26;56;159;302;44","-79.50;-82.95;-83.40;-84.47;-85.72;-91.10;-108.53","636.76","612.25","616.42","1404","2.57","25.88","243.91","4","148.36","130.86","129.47","600","17.02","20.76","246","1","13","11","",""
"1815",2024/3/1 13:44:57,"319","119.82694","31.71629","50.15","79","147","-76.4","10.1","192;128;26;56;159;302;44","-79.96;-81.66;-82.86;-83.43;-83.75;-91.31;-151.02","644.72","625.65","629.74","1406","2.84","25.94","242.5","4","145.58","125.92","126.97","600","9.88","24.06","245.33","1","17","15","",""
"1816",2024/3/1 13:44:58,"319","119.82699","31.7164","50.31","79","147","-74.86","11.48","192;128;26;159;56;302","-79.48;-82.38;-82.73;-83.83;-85.43;-92.70","647.15","630.43","634.16","1406","2.16","25.94","243.52","4","145.71","122.14","127.18","600","10.01","25.2","245.98","1","19","19","",""
"1817",2024/3/1 13:44:59,"318","119.82703","31.71649","49.52","79","147","-74.38","12.22","192;128;26;56;159;302","-79.86;-82.88;-83.11;-83.29;-84.05;-89.58","650.15","636.75","638.94","1406","1.78","26.18","243.19","3","156.78","135.71","140.25","600","10.05","25.21","246","1","19","18","",""
"1818",2024/3/1 13:45:00,"318","119.82711","31.7166","49.96","79","147","-72.65","13.24","192;128;26;159;56;302","-81.23;-82.44;-82.67;-82.94;-84.11;-91.59","652.82","639.31","644.47","1402","1.38","26.17","244.73","3.23","159.87","141.42","142.5","600","10.5","25.28","246","1","19","17","",""
"1819",2024/3/1 13:45:01,"318","119.82716","31.71669","48.9","79","147","-71.95","13.89","192;26;128;159;56;302","-80.20;-82.04;-82.26;-83.73;-84.76;-92.13","655.27","646.02","648.84","1403","0.71","26.4","244.3","3.41","160.09","141.53","142.61","600","10.5","25.25","246","1","19","17","",""
"1820",2024/3/1 13:45:02,"318","119.82722","31.71681","49.29","79","147","-71.79","14.16","192;128;26;56;159;302","-80.66;-81.64;-82.27;-83.27;-85.55;-90.30","658.59","644.53","652.19","1402","2.37","26.36","243.63","3.76","160.31","141.83","143.19","600","9.71","25.28","246","1","19","17","",""
"1821",2024/3/1 13:45:03,"318","119.82728","31.71692","49.86","79","147","-72.01","14.46","192;128;26;56;159;302","-80.13;-82.32;-82.46;-83.80;-84.15;-93.25","659.59","646.05","649.56","1408","1.84","26.45","242.28","4","160.5","142.17","143.2","600","10.5","25.36","245.9","1","19","17","",""
"1822",2024/3/1 13:45:04,"317","119.82733","31.71701","49.7","79","147","-71.82","13.74","192;128;159;26;56;302","-79.84;-81.85;-82.62;-82.86;-82.95;-91.01","659.73","644.26","649.21","1406","1.78","26.46","243.22","4","160.72","141.67","143.42","600","10.55","25.32","246","1","19","17","",""
"1823",2024/3/1 13:45:05,"317","119.82738","31.71711","49.66","79","147","-72.45","13.84","192;26;128;159;56;302","-80.56;-82.40;-82.45;-82.63;-83.70;-91.29","662.29","648.83","651.65","1406","1.39","26.6","243.59","4","160.9","142.42","144.06","600","9.28","25.35","246","1","19","18","",""
"1824",2024/3/1 13:45:06,"317","119.82743","31.7172","49.41","79","147","-72.39","13.24","192;128;159;26;56;302","-80.14;-82.85;-82.88;-82.99;-85.20;-91.07","665.22","651.41","656","1408","1.84","26.61","242.49","3.92","162.7","144.39","146.14","600","9.88","25.87","246","1","19","18","",""
"1825",2024/3/1 13:45:07,"317","119.82748","31.7173","49.46","79","147","-72.76","13.09","192;26;128;56;159;302","-79.36;-81.70;-81.95;-83.73;-86.75;-89.80","668.69","653.78","658.18","1408","2.2","26.72","243.96","3.83","163.27","145.39","146.98","600","10.16","25.5","246","1","19","17","",""
"1826",2024/3/1 13:45:08,"317","119.82754","31.7174","49.16","79","147","-73.42","12.5","192;26;56;128;159;302","-79.77;-82.16;-83.18;-84.76;-84.88;-95.27","671.43","658.98","662.43","1406","0.6","26.92","245.16","4","164.14","146.18","147.3","600","10.57","25.62","245.99","1","19","18","",""
"1827",2024/3/1 13:45:09,"316","119.82761","31.7175","50.11","79","147","-74.04","11.95","192;26;56;159;128;302","-79.87;-81.49;-82.77;-85.20;-86.70;-88.49","673.49","659.11","664.84","1404","1.85","26.81","242.82","4","164.57","148.26","149.5","600","6.51","25.99","246","1","19","18","",""
"1828",2024/3/1 13:45:10,"316","119.82767","31.71762","50.42","79","147","-75.12","11.52","192;26;56;159;128;302","-80.66;-81.30;-83.52;-84.84;-87.12;-87.30","672.72","659.49","665.89","1406","1.52","26.85","242.66","3.46","165.04","149.31","150.17","600","10.05","25.64","246","1","19","19","",""
"1829",2024/3/1 13:45:11,"316","119.82773","31.71771","50.28","79","147","-76.38","9.99","192;26;159;56;128;302","-80.16;-81.73;-82.77;-84.21;-85.92;-89.28","669.18","652.69","656.44","1406","2.5","26.2","242.74","3","164.85","148.83","150.06","600","9.71","25.57","246","1","19","18","",""
"1830",2024/3/1 13:45:12,"316","119.82779","31.71781","49.47","79","147","-71.04","11.48","192;26;159;128;56;302","-80.69;-81.80;-83.60;-84.40;-85.05;-89.52","670.75","653.74","658.82","1400","2.5","25.8","245.62","3","163.29","144.44","146.55","600","10.38","25.45","246","1","18","16","",""
"1831",2024/3/1 13:45:13,"315","119.82785","31.71789","48.31","79","147","-70.79","12.3","26;192;56;159;128;302","-81.27;-81.34;-83.45;-83.82;-85.65;-88.75","670.16","652.75","656.45","1402","2.63","26.27","242.81","3","163.24","145.23","146.13","600","10.72","25.63","245.98","1","19","18","",""
"1832",2024/3/1 13:45:14,"315","119.82792","31.71798","48.69","79","147","-70.76","12.62","192;26;159;56;302;128","-81.00;-81.19;-82.78;-84.80;-88.51;-95.27","670.19","649.31","656.3","1403","2.35","26.88","242.91","3.15","162.6","144.41","145.77","600","9.18","25.37","245.96","1","19","18","",""
"1833",2024/3/1 13:45:15,"314","119.82799","31.71808","49","79","147","-70.85","11.88","192;26;159;56;302;128","-81.13;-81.35;-82.05;-86.17;-89.24;-92.85","665.75","640.33","643.56","1403","6.17","24.66","240.53","3.58","162.43","144.16","145.68","600","9.7","25.5","245.83","1","19","18","",""
"1834",2024/3/1 13:45:16,"314","119.82805","31.71817","49.2","79","147","-71.4","10.46","26;192;159;56;302;128","-80.73;-81.37;-81.59;-85.63;-90.14;-93.17","667.66","641.39","645.17","1403","1.97","26.72","244.71","3.07","161.59","144.87","145.77","600","9.4","25.35","245.98","1","19","18","",""
"1835",2024/3/1 13:45:17,"313","119.82812","31.71825","48.8","79","147","-71.62","10.19","26;192;159;56;128","-80.54;-81.49;-81.82;-82.08;-92.99","667.78","647.39","651.35","1401","0.92","26.96","242.46","3","161.25","143.56","144.78","600","10.38","25.3","245.82","1","19","18","",""
"1836",2024/3/1 13:45:18,"313","119.8282","31.71835","49.19","79","147","-72.46","10.73","159;26;192;56;128","-80.19;-80.38;-81.41;-84.44;-93.12","670.39","656.34","661.45","1405","2.49","26.29","242.43","3","160.58","143.39","144.2","600","9.38","25.24","246","1","19","18","",""
"1837",2024/3/1 13:45:19,"313","119.82827","31.71844","48.71","79","147","-72.43","11.28","26;159;192;56;302;128","-80.08;-81.78;-82.52;-87.59;-88.51;-91.35","669.23","658.11","661.18","1405","0.99","26.97","244.63","3.08","160.06","141.86","143.78","600","9.54","25.25","245.93","1","19","18","",""
"1838",2024/3/1 13:45:20,"313","119.82835","31.71853","48.03","79","147","-72.75","11.54","159;26;192;56;302;128","-79.36;-79.65;-80.55;-87.58;-88.71;-92.19","670.9","655.95","660.23","1401","2.35","26.52","243.91","3.07","159.72","142.26","143.45","600","10.55","25.26","244.61","1","19","18","",""
"1839",2024/3/1 13:45:21,"312","119.82842","31.71862","48.23","79","147","-73.05","11.37","26;159;192;56;302;128","-79.94;-80.32;-82.26;-85.89;-88.61;-94.28","673.25","658.72","663.05","1400","1.64","26.6","245.14","3.08","159.5","142.32","143.18","600","9.36","25.2","245.57","1","19","18","",""
"1840",2024/3/1 13:45:22,"312","119.82849","31.71871","48.03","79","147","-73.92","12.72","159;26;192;56;128","-79.11;-81.37;-82.87;-86.06;-90.98","671.22","652.92","656.45","1402","2.92","26.83","242.3","3.15","159.5","141.59","142.25","600","11.22","25.22","246","1","19","19","",""
"1841",2024/3/1 13:45:23,"312","119.82857","31.71879","48.49","79","147","-74.81","12.54","26;159;192;56;128","-80.29;-80.34;-84.94;-87.70;-97.78","671.16","653.97","658.49","1404","1.41","26.91","243.87","3.83","159.25","140.5","142.18","600","10.38","25.09","246","1","19","19","",""
"1842",2024/3/1 13:45:24,"312","119.82865","31.71888","48.31","79","147","-74.89","12.93","26;159;192;56;128","-80.43;-80.80;-86.05;-87.28;-96.37","671.03","656.63","658.99","1402","1.68","26.79","244.86","4","159.08","140.92","141.81","600","9.71","25.1","246","1","19","19","",""
"1843",2024/3/1 13:45:25,"312","119.82872","31.71897","48.33","79","147","-75.22","12.79","159;26;192;56;128","-79.30;-79.80;-84.30;-87.02;-97.13","672.79","655.77","662.45","1404","2.56","26.79","243.72","4","158.47","141.05","142.46","600","9.21","25.01","245.93","1","19","19","",""
"1844",2024/3/1 13:45:26,"311","119.8288","31.71906","48.18","79","147","-75.75","12.54","159;26;192;56;128","-79.15;-80.08;-84.11;-88.88;-93.22","671.52","651.28","656.43","1404","3.33","26.69","242.2","4","157.47","141.01","141.9","600","10.01","24.6","246","1","19","19","",""
"1845",2024/3/1 13:45:27,"311","119.82889","31.71915","49.56","79","147","-76.25","12.41","159;26;192;56;128","-78.67;-80.38;-84.22;-93.54;-95.34","669.48","647.02","652.55","1406","2.11","26.88","243.25","4","155.91","139.36","140.89","600","9.37","24.22","246","1","19","19","",""
"1846",2024/3/1 13:45:28,"311","119.82898","31.71925","49.79","79","147","-77.07","11.8","159;26;192;128;56","-78.68;-80.01;-84.52;-97.23;-97.86","668.66","645.28","648.89","1404","3.58","26.67","242.31","4","154.37","137.55","139.25","600","9.75","24.13","246","1","19","20","",""
"1847",2024/3/1 13:45:29,"310","119.82907","31.71934","50.24","79","147","-77.72","11.28","159;26;192;56;128","-78.55;-79.82;-84.23;-95.34;-96.31","668.83","650.29","651.69","1404","2.21","26.86","244.4","4","152.33","134.6","136.14","600","12.39","23.63","246","1","19","20","",""
"1848",2024/3/1 13:45:30,"311","119.82916","31.71944","50.82","79","147","-78.23","11.04","159;26;192;56;128","-78.72;-80.54;-84.59;-89.13;-96.92","671.1","649.19","652.77","1404","2.36","26.77","244.32","3.61","149.76","132.83","133.74","600","9.4","23.34","245.98","1","19","21","",""
"1849",2024/3/1 13:45:31,"311","119.82925","31.71954","50.98","79","147","-78.79","10.71","159;26;192;56;128","-78.66;-80.13;-84.63;-87.98;-91.23","671.03","653.23","656.78","1404","2.06","26.85","242.71","3.63","147.3","130.74","132.18","600","8.19","23.27","246","1","19","21","",""
"1850",2024/3/1 13:45:32,"310","119.82935","31.71964","52.66","79","147","-79.49","10.45","159;26;192;128;56","-80.43;-80.46;-84.55;-93.55;-98.12","668.4","647.57","651.19","1406","3.41","26.67","241.1","3.07","145.47","130.04","131.3","600","10.35","23.35","243.28","1","19","22","",""
"1851",2024/3/1 13:45:33,"310","119.82945","31.71973","52.57","79","147","-79.89","10.07","159;26;192;128;56","-79.96;-80.20;-85.48;-89.91;-96.61","666.87","648.11","654.6","1406","1.56","26.86","244.19","3.08","144.89","128.35","130.23","600","10.35","23.25","244.95","1","19","22","",""
"1852",2024/3/1 13:45:34,"310","119.82955","31.71983","54.32","79","147","-80.35","9.68","159;26;192;128;56","-79.65;-80.48;-84.92;-92.13;-97.27","668.02","648.58","651.87","1404","2.92","26.88","243.47","3","144.55","128.11","129.08","600","10.05","23.17","245.96","1","19","22","",""
"1853",2024/3/1 13:45:35,"310","119.82965","31.71992","54.82","79","147","-81.13","9.39","159;26;192;128;56","-79.66;-81.13;-86.29;-89.34;-93.95","670.26","653.52","657.6","1404","1.78","26.88","242.03","3","144.34","127.96","129.06","600","10.21","23.09","246","1","19","21","",""
"1854",2024/3/1 13:45:36,"310","119.82974","31.72001","55.27","79","147","-81.6","9.01","159;26;192;128;56","-78.40;-80.34;-85.21;-86.80;-89.90","669.3","646.92","648.16","1408","4.97","26.61","241.37","3","144.2","128.33","128.77","600","10.88","23.13","246","1","19","21","",""
"1855",2024/3/1 13:45:37,"310","119.82984","31.72009","55.21","79","147","-82.06","7.8","159;26;192;128;56","-79.00;-81.15;-85.34;-87.66;-95.77","669.26","645.53","650.68","1408","1.27","26.89","245.34","3","143.99","127.2","128.67","600","10.38","23.13","246","1","19","21","",""
"1856",2024/3/1 13:45:38,"310","119.82994","31.72018","54.89","79","147","-82.32","7.82","159;26;192;128;56","-78.50;-81.57;-85.80;-87.00;-97.45","670.77","643.91","646.54","1402","3.99","26.7","242.46","3","142.91","125.29","126.81","600","11.35","22.47","246","1","19","21","",""
"1857",2024/3/1 13:45:39,"310","119.83003","31.72027","55.12","79","147","-75.81","5.22","159;26;192;128;56","-78.95;-81.62;-85.34;-86.83;-93.51","671.52","648.14","655.12","1404","1.62","26.87","243.52","3","141.5","124.91","126.51","600","9.5","22.72","246","1","19","18","",""
"1858",2024/3/1 13:45:40,"310","119.83014","31.72035","54.75","79","147","-76.45","4.6","159;26;192;128;56","-78.96;-82.20;-85.45;-87.04;-95.24","670.62","649.55","652.83","1403","2.34","26.84","243.81","3","139.61","123.34","125.06","600","10","22.4","246","1","19","18","",""
"1859",2024/3/1 13:45:41,"310","119.83024","31.72043","54.59","79","147","-76.22","4.84","159;26;192;128;56","-79.01;-81.96;-84.72;-86.56;-96.28","671.5","652.5","658.21","1403","2.24","26.83","244.27","3","139.65","124.25","124.95","600","11.16","22.5","246","1","19","18","",""
"1860",2024/3/1 13:45:42,"310","119.83034","31.72052","54.01","79","147","-75.82","5.05","159;26;192;128;56","-78.55;-82.20;-85.35;-87.25;-96.97","672.56","656.11","660.15","1402","1.21","26.93","244.11","3","138.78","122.72","124.42","600","9.04","22.44","245.92","1","19","18","",""
"1861",2024/3/1 13:45:43,"310","119.83045","31.7206","53.8","79","147","-76.28","5.01","159;26;192;128;56","-79.35;-83.17;-85.47;-87.51;-97.59","672.24","652.28","657.68","1402","3.56","26.83","243.36","3.07","138.71","122.74","123.84","600","10.72","22.36","245.7","1","19","17","",""
"1862",2024/3/1 13:45:44,"309","119.83055","31.72068","53.75","79","147","-75.89","5.66","159;26;192;128;56","-79.17;-83.19;-84.61;-88.04;-99.50","674.9","650.6","651.26","1402","4.7","26.66","245.13","3.08","138.53","122.53","124.27","600","10.21","22.48","245.32","1","19","18","",""
"1863",2024/3/1 13:45:45,"309","119.83066","31.72076","53.42","79","147","-76.25","5.11","159;26;192;128;56","-78.61;-82.92;-84.48;-88.95;-99.45","670.99","639.45","640.14","1403","4.85","26.48","242.22","3","138.07","122.8","123.46","600","10.05","22.28","245.47","1","19","18","",""
"1864",2024/3/1 13:45:46,"309","119.83078","31.72084","54.05","79","147","-76.49","5.78","159;26;192;171;128;56","-79.15;-82.94;-83.82;-84.56;-84.84;-101.27","667.57","634.2","636.32","1402","6.16","26.11","243.88","3","138.02","122.63","123.55","600","10.28","22.34","245.99","1","19","18","",""
"1865",2024/3/1 13:45:47,"309","119.83089","31.72091","53.61","79","147","-76.51","5.42","159;26;128;171;192;302;56","-78.27;-83.13;-83.91;-83.93;-84.18;-95.18;-100.61","658.93","618.77","620.96","1401","8.27","26.21","244.29","3.58","137.17","122.09","123.23","600","9.38","22.08","245.7","1","19","18","",""
"1866",2024/3/1 13:45:48,"309","119.831","31.72099","54","79","147","-76.89","5.71","159;26;128;192;56;171;302","-79.54;-83.02;-83.56;-85.08;-88.39;-88.43;-95.98","653.94","609.46","612.23","1403","5.93","25.93","242.1","4","136.87","121.81","122.66","600","10.39","22.15","245.61","1","19","17","",""
"1867",2024/3/1 13:45:49,"309","119.83112","31.72107","54.11","79","147","-76.63","5.86","159;171;26;128;192;56;302","-80.91;-83.61;-83.93;-84.62;-85.28;-87.08;-94.00","648.38","607.33","611.7","1404","6.41","25.78","241.87","4","136.79","121.21","122.4","600","10.33","22.3","245.84","1","19","17","",""
"1868",2024/3/1 13:45:50,"309","119.83123","31.72114","54.24","79","147","-77","5.1","159;128;171;192;26;56;302","-79.16;-84.83;-84.84;-85.16;-85.18;-87.23;-94.19","649.03","610.05","614.41","1402","4.71","26.21","244.12","4","136.57","120.95","121.72","600","10.72","22","245.92","1","19","17","",""
"1869",2024/3/1 13:45:51,"309","119.83135","31.72122","54.81","79","147","-77.2","5.55","159;171;192;26;128;56;302","-78.58;-84.26;-84.27;-84.66;-87.34;-87.91;-93.88","653.98","609.31","621.52","1401","6.56","25.95","243.94","4","137.08","120.7","122.31","600","10.05","22.24","245.96","1","19","17","",""
"1870",2024/3/1 13:45:52,"308","119.83146","31.72128","53.95","79","147","-77.96","4.01","159;171;192;56;26;128;302","-78.96;-83.77;-85.17;-85.45;-85.64;-91.18;-93.38","653.66","614.82","616.89","1402","5.13","25.93","243.04","4","135.69","119.5","120.24","600","12.02","21.81","245.92","1","19","17","",""
"1871",2024/3/1 13:45:53,"309","119.83158","31.72135","53.85","79","147","-77.78","3.93","159;171;56;26;192;128;302","-78.82;-83.11;-83.73;-84.08;-85.30;-90.47;-92.73","647.88","602.41","605.29","1403","7.41","25.61","242.31","4","135.54","119.81","120.67","600","9.88","21.97","245.99","1","19","17","",""
"1872",2024/3/1 13:45:54,"309","119.8317","31.72141","53.66","79","147","-78.21","2.76","159;192;171;26;56;128;302;165","-79.24;-83.49;-84.54;-84.54;-86.48;-91.07;-93.16;-94.88","640.25","602.01","604.82","1402","4.49","25.72","242.49","4","133.89","117.76","119.49","600","9.53","21.59","245.97","1","19","17","",""
"1873",2024/3/1 13:45:55,"308","119.83181","31.72148","54.06","79","147","-78.32","2.54","159;26;171;192;302;165;128","-79.18;-81.41;-83.86;-84.01;-93.08;-94.04;-94.23","637.88","593.91","599.86","1403","6.13","25.47","242.62","4","132.84","118.33","119.39","600","10.38","21.38","245.94","1","19","17","",""
"1874",2024/3/1 13:45:56,"308","119.83194","31.72154","54.06","79","147","-78.31","2.19","159;171;192;26;128;165;302","-78.95;-82.17;-83.63;-85.45;-91.91;-93.67;-93.90","637.28","607.42","611.98","1404","2.06","25.92","241.9","3.84","132.4","117.88","119.07","600","9.86","21.76","245.99","1","19","17","",""
"1875",2024/3/1 13:45:57,"308","119.83206","31.72161","54.22","79","147","-78.25","2.56","159;192;26;171;302;165;128","-79.89;-83.85;-85.04;-85.09;-91.64;-93.61;-95.64","639.49","611.07","615.51","1402","3.42","25.96","242.37","3.91","133.4","118.58","119.52","600","10.55","21.98","246","1","19","18","",""
"1876",2024/3/1 13:45:58,"308","119.83218","31.72167","53.91","79","147","-78.78","1.82","159;26;171;192;128;302","-79.58;-80.50;-83.47;-84.16;-90.51;-91.16","644.22","625.27","629.09","1401","2.06","26.22","244.04","3.84","133.31","120.06","120.19","600","8.68","21.29","245.88","1","19","18","",""
"1877",2024/3/1 13:45:59,"308","119.83231","31.72173","53.83","79","147","-78.93","1.99","26;159;171;192;128;302;165","-79.83;-79.86;-83.65;-84.75;-88.95;-91.84;-92.27","649.11","624.31","628.13","1402","4.97","26.21","241.53","4","132.2","117.81","119.58","600","9","21.3","245.97","1","19","17","",""
"1878",2024/3/1 13:46:00,"308","119.83243","31.72178","53.37","79","147","-78.76","0.98","26;159;171;192;165;302;128","-79.28;-80.20;-83.34;-84.57;-90.50;-90.84;-91.41","655.47","631.23","636.27","1401","1.71","26.61","244.61","3.66","131.49","117.42","119.23","600","9.68","21.64","246","1","19","17","",""
"1879",2024/3/1 13:46:01,"308","119.83256","31.72185","53.95","79","147","-79.27","0.34","159;26;192;171;302;165;128","-79.78;-80.49;-85.63;-86.94;-91.35;-91.41;-98.01","656.99","627.6","629.75","1401","5.92","26.27","242.24","4","130.39","117.04","117.81","600","9.54","20.97","245.88","1","19","17","",""
"1880",2024/3/1 13:46:02,"308","119.8327","31.72191","54.35","79","147","-79.41","0.39","159;26;171;192;302;128;165;56","-80.16;-80.55;-82.51;-84.21;-89.95;-90.30;-92.28;-98.71","661.33","630.86","634.01","1401","4.85","26.36","244.23","4","130.02","116.75","117.47","600","9.01","21.16","246","1","19","17","",""
"1881",2024/3/1 13:46:03,"308","119.83283","31.72197","54.36","79","147","-80.2","-0.34","26;159;192;171;128;165;302;70;56","-79.95;-80.02;-85.46;-86.38;-87.05;-88.70;-90.04;-96.30;-99.02","656.75","612.6","616.94","1403","7.99","25.96","242.2","4","128.03","114.66","115.93","600","9.5","20.73","245.99","1","19","18","",""
"1882",2024/3/1 13:46:04,"308","119.83296","31.72204","55.39","79","147","-80.1","-0.42","159;26;171;192;128;165;302;56;70","-80.04;-80.22;-82.48;-87.52;-87.69;-89.64;-90.46;-97.82;-109.95","651.61","611.29","610.34","1402","7.41","25.93","242.98","4","127.05","113.03","114.73","600","10.05","20.48","245.2","1","18","17","",""
"1883",2024/3/1 13:46:05,"308","119.83311","31.7221","55.92","79","147","-81.15","-1.37","159;26;192;128;56;302;70;171","-79.01;-82.37;-82.73;-87.16;-90.59;-93.79;-97.91;-122.95","639.8","593.75","599.02","1402","7.68","25.6","242.08","4","124.29","110.99","111.63","600","10.75","19.81","244.21","1","18","16","",""
"1884",2024/3/1 13:46:06,"308","119.83325","31.72216","56.79","79","147","-77.84","-1.51","159;56;192;26;128;70;171","-78.02;-78.34;-78.70;-83.62;-89.54;-98.99;-135.36","634.7","594.6","597.09","1400","5.74","25.79","243.02","4","118.09","103.35","105.79","600","9.96","18.89","244.17","1","20","19","",""
"1885",2024/3/1 13:46:07,"308","119.83339","31.72222","56.9","79","147","-77.96","-1.62","192;56;159;128","-78.52;-78.52;-78.86;-88.08","629.85","584.72","590.07","1403","8.33","25.33","241.38","4","115.1","102.6","103.12","600","10.05","19.17","244.19","1","22","20","",""
"1886",2024/3/1 13:46:08,"308","119.83353","31.72229","58.61","79","147","-78.07","-1.82","56;192;159;128","-78.70;-79.02;-79.33;-83.11","625.52","583.35","586.55","1403","7.06","25.04","242.67","4","114.59","101.72","103.54","600","9.04","19.17","244.12","1","22","21","",""
"1887",2024/3/1 13:46:09,"308","119.83367","31.72234","57.92","79","147","-78.36","-1.55","192;56;159;128","-78.57;-78.92;-79.67;-79.86","616.71","568.8","571.39","1402","9.42","24.7","241.75","4","116.17","104.18","104.99","600","10.21","19.18","244.18","1","22","21","",""
"1888",2024/3/1 13:46:10,"308","119.83381","31.7224","57.82","79","147","-78.45","-2.28","192;56;159;128","-78.54;-79.74;-80.60;-82.41","608.64","552.56","558.36","1403","10.76","24.45","240.1","4","116.22","104.3","104.86","600","10.51","19.11","244.17","1","22","20","",""
"1889",2024/3/1 13:46:11,"308","119.83394","31.72245","59.24","79","147","-78.82","-3.15","192;159;56;26;128","-78.57;-78.69;-80.36;-82.70;-83.94","602.01","539.9","545.53","1403","10.13","24.02","243.96","4","116.53","103.93","104.86","600","9.88","19.04","244.92","1","22","20","",""
"1890",2024/3/1 13:46:12,"307","119.83408","31.7225","58.49","79","147","-78.9","-3.13","159;192;56;128;26","-78.51;-78.53;-80.30;-80.70;-87.33","592.31","537.14","539.34","1402","9.42","23.64","243.86","4","117.05","104.54","105.36","600","9.86","19.09","246","1","22","20","",""
"1891",2024/3/1 13:46:13,"306","119.83422","31.72255","59.22","79","128","-78.93","-3.03","192;147;159;56","-79.29;-79.63;-79.93;-81.10","584.17","531.45","534.07","1402","12.25","22.84","241.16","4","115.1","104.29","103.62","600","10.5","18.94","245.58","1","22","21","",""
"1892",2024/3/1 13:46:14,"307","119.83435","31.72258","57.87","79","128","-74.11","9.98","147;159;192;56;26;219;97","-78.47;-78.57;-78.65;-81.56;-86.78;-120.59;-122.05","553.57","531.45","465.97","1314","26.25","22.48","236.15","3.5","110.68","96.64","98.49","560","15.41","19.93","246","1","22","25","",""
"1893",2024/3/1 13:46:15,"306","119.83448","31.72262","57.44","79","128","-75.45","6.86","192;159;56;147;26;219;97","-78.02;-79.20;-81.02;-81.70;-87.34;-119.94;-122.32","533.09","426.19","446.28","1258","9.76","24.14","237.48","3.69","110.69","97.3","97.72","540","11.54","21.39","246","1","19","25","",""
"1894",2024/3/1 13:46:16,"306","119.83462","31.72266","56.03","79","128","-79.84","2.39","192;159;56;147;26;219;97","-78.98;-79.42;-80.41;-82.23;-86.97;-120.46;-123.41","510.62","458.9","450.86","1258","9.96","22.58","240.59","3.61","109.08","94.04","96.13","540","10.5","19.33","246","1","21","25","",""
"1895",2024/3/1 13:46:17,"305","119.83476","31.72271","56.43","79","159","-80.56","-0.6","56;26;171;128;302;147;192;70;97;219","-83.82;-83.86;-85.68;-85.97;-88.13;-88.43;-88.56;-90.38;-123.34;-123.74","456.42","458.9","400.33","1255","20.73","15.94","239.57","3.15","104.31","87.76","92.27","538","13.05","18.41","245","1","22","25","",""
"1896",2024/3/1 13:46:18,"305","119.8349","31.72275","55.82","79","159","-80.04","0.01","26;171;56;70;302;147;128;192;219;97","-80.75;-84.02;-86.48;-86.82;-88.35;-89.98;-90.09;-93.65;-121.43;-123.34","428.24","358.92","372.29","1259","9.51","19.56","244.83","3","100.46","88.14","89.22","540","10.65","19.28","246","1","22","25","",""
"1897",2024/3/1 13:46:19,"305","119.83504","31.72279","55.71","79","159","-79.49","-1.48","26;171;56;302;70;147;128;192;97;219","-80.79;-82.93;-85.99;-87.79;-89.34;-91.33;-93.09;-93.72;-122.92;-123.92","422.65","376.39","366.13","1259","8.39","19.71","243.6","3.16","101.05","88.26","88.84","540","11.94","19.31","246","1","22","25","",""
"1898",2024/3/1 13:46:20,"305","119.83519","31.72283","55.49","79","159","-79.4","-0.76","70;171;26;128;56;302;147;192;97;219","-77.78;-82.41;-82.69;-85.28;-85.48;-87.20;-89.34;-93.85;-123.64;-126.01","454.04","413.53","414.96","1257","9","22.38","244.28","3","106.99","94.22","94.56","540","10.52","19.27","246","1","22","25","",""
"1899",2024/3/1 13:46:21,"306","119.83533","31.72287","55.19","79","159","-79.37","-2.46","70;26;171;56;302;128;147;192;219;97","-76.53;-82.38;-83.20;-85.12;-87.88;-88.61;-89.18;-94.63;-124.81;-125.30","474.85","432.48","436.17","1257","7.71","22.37","243.18","3.23","107.04","93.75","94.75","540","10.52","19.31","246","1","22","25","",""
"1900",2024/3/1 13:46:22,"305","119.83548","31.72292","55.81","79","159","-79.22","-2.03","171;147;26;70;56;128;302;192;219;97","-82.82;-83.33;-83.78;-84.41;-85.23;-86.52;-88.27;-92.76;-124.38;-124.85","499.44","460.64","461.16","1258","7.08","23.27","243.5","3","107.38","94.45","95.43","540","11.73","19.32","246","1","22","25","",""
"1901",2024/3/1 13:46:23,"305","119.83563","31.72296","56.47","79","159","-79.05","-1.46","70;171;26;56;128;147;302;192;219;97","-77.59;-82.24;-84.05;-84.73;-87.45;-87.55;-88.74;-92.25;-121.85;-124.14","510.29","473.77","477.41","1257","7.13","23.85","243.4","3.53","107.48","93.83","95.67","540","10.03","19.33","246","1","22","25","",""
"1902",2024/3/1 13:46:24,"305","119.83578","31.723","56.18","79","159","-78.63","1.56","70;171;26;56;302;128;147;180;192;219;97","-78.53;-82.72;-83.44;-85.86;-87.44;-89.46;-90.16;-94.41;-95.38;-120.46;-123.75","524.92","495.09","496.53","1258","4.45","24.22","243.37","3.91","107.47","94.64","95.81","540","10.24","19.31","246","1","22","25","",""
"1903",2024/3/1 13:46:25,"305","119.83593","31.72303","56.84","79","159","-78.71","3.92","70;171;128;26;56;302;192;180;219;97","-74.60;-83.23;-84.82;-84.98;-85.45;-91.62;-93.83;-94.41;-121.98;-123.75","535","496.33","499.75","1258","10.42","24.29","242.96","3.91","107.07","94.62","95.55","540","11.35","19.3","246","1","22","25","",""
"1904",2024/3/1 13:46:26,"305","119.83608","31.72307","58.02","79","70","-73.06","7.17","159;171;128;56;26;180;192","-78.08;-82.84;-84.86;-85.31;-85.48;-88.04;-95.77","495.07","492.22","448.56","1257","14.43","16.31","239.36","4","112.4","97.69","100.12","540","10.98","22.43","244.62","1","19","25","",""
"1905",2024/3/1 13:46:27,"304","119.83623","31.7231","58.36","79","70","-73.12","7.17","159;171;56;128;180;192","-77.96;-82.19;-87.33;-87.79;-88.77;-93.23","431.5","309.79","385.11","1414","8.84","11.53","240.62","4","129.4","115.72","115.4","600","10","25.16","246","1","19","19","",""
"1906",2024/3/1 13:46:28,"305","119.83638","31.72312","58.52","79","70","-75.1","5.13","159;171;26;56;128;302;192","-79.13;-83.66;-85.57;-86.23;-87.20;-88.02;-94.50","381.69","341.02","346.48","1410","4.91","15.15","242.1","4","147.24","135.62","131.22","600","11.22","25.2","246","1","19","19","",""
"1907",2024/3/1 13:46:29,"305","119.83652","31.72315","57.59","79","70","-79.37","-0.78","159;171;26;56;192","-78.22;-82.09;-85.13;-86.65;-94.21","437.53","411.91","412.78","1404","5.35","22.58","240.93","3.69","159.69","140.8","142.12","600","10.88","25.26","246","1","19","20","",""
"1908",2024/3/1 13:46:30,"305","119.83666","31.72317","57.4","79","70","-87.32","-14.78","159;171;165;56;192","-77.23;-81.80;-85.59;-87.19;-95.01","516.67","469.95","494.63","1402","5.49","24.19","241.57","4","159.99","141.44","142.08","600","10.53","25.25","246","1","19","20","",""
"1909",2024/3/1 13:46:31,"306","119.83681","31.7232","57.29","79","70","-75.04","6.44","159;171;165;56;192","-78.24;-81.27;-82.26;-87.33;-94.42","585.51","550.93","559.83","1404","4.66","25.05","242.04","3.46","148.48","125.55","126.69","600","22.22","20.64","246","1","13","12","",""
"1910",2024/3/1 13:46:32,"306","119.83695","31.72322","57.34","79","70","-73.45","7.92","159;165;171;56;192","-77.54;-81.70;-81.84;-84.13;-94.92","612.66","580.67","585.04","1404","5.34","25.36","242.73","3.66","146.49","121.98","124.35","600","11.22","24.47","246","1","18","16","",""
"1911",2024/3/1 13:46:33,"306","119.83709","31.72324","56.45","79","70","-74.46","6.56","159;171;165;56;192","-78.43;-82.29;-83.37;-84.05;-89.24","621.65","584.5","592.05","1406","6.47","25.18","239.29","3.69","146.36","118.96","124.13","600","10.05","25.21","246","1","19","19","",""
"1912",2024/3/1 13:46:34,"306","119.83724","31.72326","56.55","79","70","-76.62","4.42","159;171;165;56;192","-78.09;-80.97;-84.21;-87.44;-92.00","615.22","576.01","581.37","1406","7.39","23.56","243.02","4","156.51","137.68","139.12","600","10.5","24.94","246","1","19","19","",""
"1913",2024/3/1 13:46:35,"305","119.83741","31.72329","57.29","79","70","-82.72","-0.33","159;171;180;56;192;147","-78.11;-81.57;-87.02;-88.30;-93.80;-100.71","599.11","558.48","560.07","1406","8.6","23.75","238.5","4","156.3","138.28","139.62","600","10.7","23.77","246","1","19","21","",""
"1914",2024/3/1 13:46:36,"304","119.83757","31.7233","57.41","79","70","-76.97","3.03","159;171;180;56;192;147","-77.53;-81.02;-86.59;-87.76;-89.22;-89.48","590.19","544.05","549.32","1406","8.06","24.08","240.3","4","148.29","131.95","132.06","600","11.11","22.16","246","1","19","17","",""
"1915",2024/3/1 13:46:37,"303","119.83772","31.72332","57.33","79","70","-77.97","1.92","159;171;56;180;147;192","-78.50;-80.74;-86.12;-87.13;-92.48;-92.95","584.8","537.5","541.47","1406","8.61","23.63","241.73","3.69","140.14","124.15","124.39","600","11.7","21.45","246","1","19","17","",""
"1916",2024/3/1 13:46:38,"303","119.83786","31.72334","56.95","79","70","-83.39","-2.1","159;171;180;56;192;147","-78.80;-81.08;-85.99;-86.30;-93.47;-107.24","574.71","522.31","528.35","1406","10.74","22.32","238.76","3.08","130.88","115.48","115.76","600","11.51","19.87","246","1","19","19","",""
"1917",2024/3/1 13:46:39,"304","119.83801","31.72336","57.24","79","159","-79.28","3.99","171;70;26;180;56;192","-81.47;-82.51;-84.45;-85.94;-86.10;-90.66","518.39","511.48","453.63","1404","19.08","18.96","242.11","3.41","118.59","101.49","104.13","600","14.98","19.2","243.51","1","22","25","",""
"1918",2024/3/1 13:46:40,"304","119.83816","31.72337","57.56","79","159","-79.35","3.63","171;70;26;180;56;192;219","-81.27;-81.39;-84.46;-85.41;-88.05;-94.86;-124.78","478.86","388.74","408.14","1259","13.21","20.88","242.96","3.76","110","94.44","96.79","540","10.78","19.23","246","1","22","25","",""
"1919",2024/3/1 13:46:41,"304","119.8383","31.72337","57.03","79","159","-79.35","3.92","171;70;26;180;56;192;219","-81.05;-81.73;-84.13;-85.90;-86.30;-95.32;-125.23","456.24","407.3","390.59","1260","8.45","21.66","245.41","3.5","104.04","89.61","91.69","540","10.84","19.26","246","1","22","23","",""
"1920",2024/3/1 13:46:42,"304","119.83845","31.72338","57.35","79","159","-79.02","2.63","171;70;180;26;56;192;219","-80.92;-81.55;-84.96;-85.06;-87.71;-93.61;-122.01","486.84","449.12","443.13","1260","6.21","23.34","243.91","3.07","107.1","93.92","94.98","540","10.98","19.23","246","1","22","21","",""
"1921",2024/3/1 13:46:43,"304","119.8386","31.72339","57.68","79","159","-78.97","2.61","171;70;180;26;56;192;97;219","-80.88;-81.60;-84.33;-84.81;-88.41;-90.16;-125.32;-127.43","507.87","463.11","468.7","1257","10.53","23.6","241.01","3.08","106.78","92.96","94.05","540","12.03","19.36","246","1","21","20","",""
"1922",2024/3/1 13:46:44,"303","119.83875","31.7234","57.04","79","159","-78.94","1.4","70;171;26;180;56;192;97;219","-79.65;-83.30;-85.00;-85.82;-88.13;-95.87;-125.32;-126.71","517.07","472.64","477.47","1260","7.7","23.21","240.66","3.23","107.08","93.46","94.73","540","10.78","19.28","246","1","22","21","",""
"1923",2024/3/1 13:46:45,"304","119.83892","31.7234","57.66","79","159","-78.66","1.04","70;171;180;26;56;192;219;97","-77.59;-81.99;-83.63;-84.77;-89.02;-95.56;-125.40;-155.98","501.49","449.69","452.67","1260","12.03","20.83","241.65","3.83","106.95","92.47","93.92","540","12.59","19.34","246","1","22","21","",""
"1924",2024/3/1 13:46:46,"304","119.83907","31.7234","56.86","79","159","-78.97","2.12","70;171;180;26;56;192;219","-74.99;-81.17;-84.33;-86.40;-88.73;-94.80;-125.93","465.38","408.17","413.85","1258","15.62","19.2","238.62","3.84","107.29","94.13","94.65","540","10.78","19.26","246","1","22","21","",""
"1925",2024/3/1 13:46:47,"304","119.83922","31.7234","56.51","79","70","-74.68","5.43","159;171;180;26;56;147;192","-78.27;-81.65;-83.89;-86.24;-87.22;-91.89;-92.95","455.9","335.03","385.82","1255","16.96","18.27","237.19","3.91","111.08","95.78","98.06","540","12.38","22.46","245.06","1","19","25","",""
"1926",2024/3/1 13:46:48,"304","119.83938","31.7234","56.77","79","70","-74.24","5.68","159;171;180;26;56;147;192","-78.52;-79.42;-83.98;-86.26;-88.59;-92.91;-99.15","518.14","395.38","449.96","1406","7.4","25.94","240.36","4","129.86","112.3","115.81","600","9.88","25.21","246","1","19","25","",""
"1927",2024/3/1 13:46:49,"304","119.83954","31.72339","58.03","79","70","-75.84","3.7","159;171;180;26;56;147;192","-78.43;-79.53;-83.23;-85.99;-88.80;-89.95;-94.80","596.56","591.01","535.26","1404","7.2","26.5","238.44","4","145.81","128.11","130.8","600","9.21","25.2","246","1","19","25","",""
"1928",2024/3/1 13:46:50,"306","119.83972","31.72339","58.36","79","70","-76.67","2.75","159;171;180;56;26;147;192","-79.23;-81.02;-83.44;-87.15;-87.46;-94.23;-95.55","644.33","597.82","601.17","1406","9.04","25.2","239.84","3.69","159.85","142.95","143.95","600","9.71","25.26","246","1","19","25","",""
"1929",2024/3/1 13:46:51,"306","119.83988","31.72338","58.7","79","70","-77.97","1.93","159;171;180;26;56;192;147","-78.49;-81.08;-83.06;-87.31;-88.30;-95.73;-96.95","640.96","598.02","602.22","1404","5.71","26.06","241.65","3.5","160.15","143.09","144.06","600","10.36","25.3","246","1","19","25","",""
"1930",2024/3/1 13:46:52,"306","119.84003","31.72337","59.92","79","70","-80.07","-1.26","159;171;180;56;192","-79.01;-81.64;-82.91;-86.78;-97.88","635.12","581.71","589.54","1404","10.36","24.82","241.09","3.58","160.36","142.06","143.05","600","10.85","25.26","246","1","19","25","",""
"1931",2024/3/1 13:46:53,"308","119.8402","31.72334","60.79","79","70","-82.11","-3.81","159;171;180;56","-79.43;-80.74;-82.59;-83.84","629.98","586.5","588.84","1404","5.28","25.8","240.24","4","160.45","141.72","142.77","600","10.21","25.29","246","1","19","25","",""
"1932",2024/3/1 13:46:54,"309","119.84037","31.72333","61.55","79","70","-84.07","-5.39","159;171;56;180","-79.19;-80.08;-82.43;-83.04","629.42","588.28","590.98","1402","5.27","25.49","241.63","4","160.22","142.3","143.1","600","9.68","25.21","246","1","19","25","",""
"1933",2024/3/1 13:46:55,"309","119.84053","31.72331","61.23","79","70","-86.54","-8.67","159;171;56;180;192","-79.30;-80.00;-80.89;-82.63;-95.23","641.3","613.86","619.37","1402","3.2","26.36","242.92","4","158.42","141.85","141.67","600","10.88","24.3","246","1","19","25","",""
"1934",2024/3/1 13:46:56,"309","119.84069","31.72329","61.67","79","70","-75.71","6.71","159;56;171;180;192","-79.46;-79.48;-80.30;-82.34;-96.95","644.67","617.02","622.77","1404","4.55","25.51","240.08","4","151.82","134.27","134.86","600","11.55","22.92","246","1","14","25","",""
"1935",2024/3/1 13:46:57,"309","119.84084","31.72327","61.76","79","70","-74.96","7.48","159;56;171;180","-79.86;-80.22;-80.71;-82.84","647","624.4","628.84","1405","3.33","25.39","243.66","4","151.76","132.59","134.25","600","10.83","25.21","246","1","19","25","",""
"1936",2024/3/1 13:46:58,"309","119.84101","31.72325","62.19","79","70","-73.42","8.86","159;171;180;56","-79.59;-80.42;-83.16;-83.17","650.9","636.16","636.81","1404","0.92","26.65","243.78","3.53","153.17","137.9","135.67","600","9.88","25.19","246","1","19","25","",""
"1937",2024/3/1 13:46:59,"310","119.84118","31.72325","62.55","79","70","-72.67","9.25","171;159;56;180","-79.61;-80.83;-81.52;-81.66","662.57","645.71","654.75","1402","1.57","26.64","244.4","3.83","159.79","139.38","141.14","600","12.5","25.02","246","1","19","25","",""
"1938",2024/3/1 13:47:00,"310","119.84134","31.72324","61.81","79","70","-77.25","6.16","180;171;56;159","-76.70;-79.57;-80.13;-85.53","665.18","650.07","653.98","1400","4.07","26.66","244.28","3","153.66","135.29","135.5","600","11.85","22.59","246","1","19","25","",""
"1939",2024/3/1 13:47:01,"310","119.84144","31.72322","59.63","79","180","-77.57","6.09","171;70;56;159;26","-79.40;-81.80;-82.35;-83.88;-98.21","613.68","647.27","591.03","1402","8.14","17.1","238.58","3.54","143.39","123.4","127.29","600","9.98","22.91","244.67","1","19","25","",""
"1940",2024/3/1 13:47:02,"311","119.84149","31.72321","55.87","79","180","-78.21","6.41","70;171;56;159;26","-79.34;-79.86;-81.71;-84.84;-108.84","592","506.54","554.76","1405","9.83","14.03","238.77","4","140.97","123.58","125.71","570","10.22","25.4","243.7","1","19","25","",""
"1941",2024/3/1 13:47:03,"311","119.8415","31.7232","49.88","79","180","-78.56","6.28","70;171;56;159;147","-72.91;-79.88;-80.47;-82.45;-92.52","565.46","519.86","512.56","1404","10.12","14.14","239","4","147.24","134.87","132.29","600","9.54","25.19","246","1","19","25","",""
"1942",2024/3/1 13:47:04,"310","119.84149","31.7232","45.24","79","70","-79.12","4.91","171;180;56;159","-80.00;-80.06;-81.07;-89.73","608.12","547.81","558.13","1402","8.68","13.51","241.65","4","154.29","141.23","138.41","600","9.7","25.05","244.27","1","19","25","",""
"1943",2024/3/1 13:47:05,"314","119.84148","31.72319","39.96","79","70","-74.35","5.86","56;147;180;144;171;192;159;219","-82.64;-83.82;-83.99;-84.37;-86.27;-88.96;-90.63;-123.25","521.92","547.81","477.5","1330","9.22","11.32","239.65","3.92","151.07","135.14","135","564","12.62","25.26","245.54","1","19","25","",""
"1944",2024/3/1 13:47:06,"315","119.84146","31.72319","32.9","79","70","-74.21","5.92","56;147;180;144;192;171;219","-82.22;-83.43;-84.27;-85.67;-91.09;-91.51;-122.55","474","394.5","434.87","1256","8.84","12.15","241.55","4","146.85","131.53","130.04","552","11.74","25.4","245.7","1","19","25","",""
"1945",2024/3/1 13:47:07,"315","119.84146","31.72318","27.6","79","70","-73.66","8.58","56;159;180;144;171;192;219","-81.76;-82.73;-85.79;-87.39;-91.99;-92.31;-130.65","456.47","421.98","420.05","1256","9.15","12.19","238.8","4","142.87","126.42","125.39","552","12.75","25.24","246","1","19","25","",""
"1946",2024/3/1 13:47:08,"315","119.84149","31.72314","23.21","79","70","-73.46","8.75","56;159;180;144;147;171;219","-79.97;-80.45;-86.23;-87.33;-87.88;-90.84;-128.50","461.35","418.8","423.54","1256","10.84","12.09","239.11","4","148.16","128.7","130.07","552","11.37","25.53","246","1","19","25","",""
"1947",2024/3/1 13:47:09,"314","119.84153","31.72307","24.01","79","70","-72.86","9.22","56;159;147;171;180;219","-83.61;-86.85;-88.16;-92.48;-93.32;-124.24","458.18","418.51","420.84","1256","9.15","13.27","237.46","3.84","148.88","131.46","130.37","552","12.82","25.61","246","1","19","25","",""
"1948",2024/3/1 13:47:10,"316","119.84158","31.72299","21.84","79","70","-74.29","6.84","56;159;180;171;192;219","-81.87;-86.29;-87.45;-88.21;-94.04;-126.55","458.9","423.59","425.96","1256","6.07","15.87","239.92","4","147.15","126.04","128.56","552","12.2","24.57","246","1","19","25","",""
"1949",2024/3/1 13:47:11,"315","119.84167","31.7229","19.56","79","70","-73.82","8.16","159;56;171;192;219","-81.48;-84.83;-90.20;-90.56;-126.55","458.07","427.71","428.95","1256","7.92","15.43","240.55","4","146.33","126.74","128.7","552","9.65","25.09","246","1","19","25","",""
"1950",2024/3/1 13:47:12,"314","119.84174","31.7228","22.8","79","70","-75.82","5.83","56;147;159;171;192;219","-82.64;-84.20;-85.01;-87.59;-92.26;-125.20","463.17","427.57","431.49","1256","10.11","15.04","241.39","3.91","142.83","122.97","125.53","552","13.84","24.35","246","1","19","25","",""
"1951",2024/3/1 13:47:13,"311","119.84181","31.72268","25.89","79","70","-74.3","6.58","56;147;171;192;159;219","-79.67;-81.58;-84.42;-86.22;-92.99;-123.52","454.29","417.46","417.14","1256","8.83","16.11","243.99","3.46","145.94","127.47","129.7","552","9.1","25.83","246","1","18","25","",""
"1952",2024/3/1 13:47:14,"307","119.84187","31.72258","29.86","79","70","-76.38","4.4","56;147;171;159;192;219","-76.77;-82.58;-87.17;-92.99;-97.84;-119.83","488.58","466.19","460.71","1256","0.08","25.36","243.4","3.91","148.23","132","132.46","552","8.42","25.71","246","1","19","25","",""
"1953",2024/3/1 13:47:15,"304","119.84194","31.72246","34.89","79","70","-78.21","3.3","56;147;192;180;171;159;219","-74.49;-81.97;-85.42;-86.48;-90.30;-90.33;-126.71","539.7","517.08","521.69","1256","3.42","26.41","243.96","3.84","150.86","135.22","136.81","552","9.8","25.29","246","1","19","25","",""
"1954",2024/3/1 13:47:16,"300","119.84202","31.72233","43.95","79","70","-71.66","6.15","56;147;180;159;171;219","-74.37;-81.69;-86.09;-92.82;-95.37;-124.38","583.9","572.46","570.85","1256","3.04","26.61","244.13","4","148.87","132.69","133.99","552","10.07","25.22","246","1","18","25","",""
"1955",2024/3/1 13:47:17,"295","119.84208","31.72219","50.15","79","70","-72.77","5.6","56;147;180;171;219","-75.20;-82.23;-85.41;-86.17;-126.75","596.41","575.98","579.44","1256","2.86","26.52","243.94","4","147.12","130.6","131.22","552","10.2","25.27","246","1","19","25","",""
"1956",2024/3/1 13:47:18,"291","119.84216","31.72205","51.37","79","70","-74.16","4.64","56;147;180;171;159;219","-77.36;-82.18;-84.98;-86.79;-92.52;-123.95","595.89","578.6","583.16","1256","1.19","26.67","244.3","4","146.88","130.74","131.31","552","10.01","25.22","246","1","19","25","",""
"1957",2024/3/1 13:47:19,"286","119.84223","31.72191","58.27","79","70","-75.23","4.27","56;147;171;180;159;26;219","-79.58;-81.91;-84.34;-84.91;-90.35;-100.66;-124.36","595.23","583.22","587.89","1256","0.39","26.67","244.45","4","146.84","129.47","131.21","552","10.56","25.2","246","1","19","25","",""
"1958",2024/3/1 13:47:20,"282","119.8423","31.72177","61.02","79","70","-75.75","3.97","56;147;171;180;192;159;26;219","-79.51;-81.56;-83.88;-84.17;-87.63;-91.98;-101.81;-127.19","596.6","587.38","591.35","1256","1.44","26.92","244.75","4","146.55","129.43","131.45","552","9.7","25.19","246","1","19","25","",""
"1959",2024/3/1 13:47:21,"278","119.84238","31.72163","61.15","79","70","-77.26","2.45","56;147;180;171;192;159;26;219","-77.51;-81.48;-83.64;-84.24;-88.41;-92.20;-97.20;-125.29","598.04","591.18","593.77","1256","0.56","26.91","242.94","4","146.21","129.01","130.12","552","11.74","25.22","246","1","19","25","",""
"1960",2024/3/1 13:47:22,"273","119.84246","31.72149","62.66","79","70","-78.29","2.33","56;147;180;171;192;159;26;219","-75.40;-82.29;-84.12;-84.16;-88.20;-92.86;-119.74;-126.98","599.37","586.39","591.09","1256","3.05","26.57","243.84","3.33","146.22","128.45","130.13","552","9.89","25.21","246","1","19","25","",""
"1961",2024/3/1 13:47:23,"269","119.84253","31.72135","65.24","79","56","-78.63","1.88","70;147;180;192;171;159;26","-77.31;-82.29;-83.53;-88.17;-88.42;-91.96;-115.63","563.76","585.73","545.63","1256","7.5","21.98","242.34","3.3","141.87","125.19","126.67","552","10.89","25.26","244.54","1","19","25","",""
"1962",2024/3/1 13:47:24,"265","119.8426","31.72121","64.82","79","56","-72.92","7.28","70;147;171;180;159;26;192","-76.84;-82.34;-83.61;-86.76;-92.91;-94.16;-96.40","521.77","399.23","491.86","1405","9.12","14.58","239.87","4","149.04","138.35","139.22","600","1.34","26","246","1","18","25","",""
"1963",2024/3/1 13:47:25,"261","119.84269","31.72108","67.77","79","56","-73.02","7.78","70;147;171;180;159;26","-76.47;-81.92;-82.73;-86.59;-91.16;-92.85","476.91","414.7","438.49","1410","8.48","14.34","238.51","4","155.99","149.51","150.43","600","1.33","26.07","246","1","19","25","",""
"1964",2024/3/1 13:47:26,"257","119.84276","31.72093","68.42","79","56","-73.52","10.1","70;147;171;26;159;192;180","-76.16;-81.98;-82.30;-89.27;-91.72;-92.72;-92.83","487.77","452.18","454.42","1410","6.76","15.51","239.5","3.83","167.61","162.33","163.31","600","5.02","26","246","1","17","25","",""
"1965",2024/3/1 13:47:27,"253","119.84284","31.72079","68.72","79","56","-75.6","10.08","70;171;147;180;192;159","-75.31;-82.47;-82.92;-86.88;-89.94;-90.06","502.21","472.91","474.72","1404","4.42","17.5","242.76","3.76","167.61","162.52","163.78","600","0.5","26","246","1","17","25","",""
"1966",2024/3/1 13:47:28,"249","119.84291","31.72065","67.95","79","56","-76.09","10.08","70;171;180;26;192;159;147","-75.82;-82.16;-82.95;-87.68;-91.16;-91.85;-138.21","550.59","537.74","534.23","1404","0.07","25.3","242.11","3","167.48","164.88","164.41","600","0","26","246","1","18","25","",""
"1967",2024/3/1 13:47:29,"244","119.84298","31.72052","67.44","79","56","-76.04","8.12","70;171;180;159;192;26;147","-75.01;-81.70;-84.80;-88.59;-90.29;-91.88;-94.34","603.12","589.91","595.59","1406","0.64","26.34","243.75","3","167.52","165.55","167.24","600","0","26.02","246","1","17","25","",""
"1968",2024/3/1 13:47:30,"240","119.84306","31.72037","67.95","79","56","-75.59","6.08","70;171;180;159;26;192","-74.52;-81.65;-85.07;-88.14;-91.88;-93.10","649.67","647.23","647.84","1406","0.21","26.64","244.8","3.41","167.52","164.56","165.66","600","3.35","26","246","1","14","25","",""
"1969",2024/3/1 13:47:31,"236","119.84313","31.72023","68.55","79","56","-76.26","4.72","70;171;180;159;192;26","-75.59;-82.37;-84.49;-85.30;-90.76;-91.61","663.83","657.76","661.41","1406","0.07","26.72","242.92","3.38","167.52","162.05","162.59","600","5.02","26","246","1","15","25","",""
"1970",2024/3/1 13:47:32,"232","119.8432","31.72009","68.4","79","56","-77.82","3.53","70;171;180;159;192;26","-76.55;-82.83;-83.84;-85.51;-92.00;-111.77","667.33","662.47","666.6","1406","0","26.81","244.43","3.08","166.81","158.91","160.31","600","3.01","25.64","246","1","18","25","",""
"1971",2024/3/1 13:47:33,"228","119.84327","31.71995","68.39","79","56","-70.57","11.25","70;171;180;159;26;192","-76.22;-81.22;-84.86;-86.02;-91.59;-92.06","670.14","661.13","665.77","1404","1.78","26.83","243.55","3.61","165.1","152.9","155.03","600","9.88","25.61","244.95","1","17","25","",""
"1972",2024/3/1 13:47:34,"224","119.84335","31.71981","68.55","79","56","-70.9","12.98","70;171;180;159;26;192","-77.57;-81.31;-84.02;-84.34;-90.14;-132.52","671.57","663.01","667","1406","0.14","26.92","243.84","4","165.02","150.66","152.63","600","9.38","25.97","246","1","18","25","",""
"1973",2024/3/1 13:47:35,"219","119.84342","31.71968","68.2","79","56","-72.67","13.41","70;171;159;180;26;192","-78.28;-82.73;-83.01;-83.25;-89.71;-132.47","672.09","661.66","667.24","1406","0.92","26.84","243.45","4","163.89","147.49","147.39","600","9.88","25.38","245.99","1","19","25","",""
"1974",2024/3/1 13:47:36,"215","119.84349","31.71954","67.79","79","56","-75.14","13.04","70;171;180;159;26;192","-79.62;-82.02;-83.48;-83.89;-88.30;-132.47","673.92","666.82","670.93","1404","0.21","26.96","245.99","4","163.13","145.88","146.29","600","10.35","25.3","245.99","1","19","25","",""
"1975",2024/3/1 13:47:37,"211","119.84357","31.7194","67.79","79","56","-76.61","11.94","70;171;159;180;26","-79.50;-81.75;-83.27;-84.16;-88.23","672.52","665.15","666.88","1406","1.35","26.76","242.49","4","160.87","142.25","143.28","600","10.55","25.24","246","1","19","25","",""
"1976",2024/3/1 13:47:38,"207","119.84364","31.71926","67.79","79","56","-78.53","11.12","70;171;180;159;26","-80.98;-81.17;-82.09;-85.55;-86.18","674.07","665.8","670.33","1406","0.21","26.96","245.32","4","160.11","141.68","142.44","600","10.72","25.21","245.99","1","19","25","",""
"1977",2024/3/1 13:47:39,"203","119.84371","31.71912","68.2","79","56","-78.84","8.54","159;171;192;70;147;26;85;180","-76.84;-80.59;-81.91;-83.18;-84.58;-85.24;-86.12;-90.13","670.23","661.23","663.28","1404","1.79","26.74","244.2","4","147.94","131.37","130.63","600","12.77","19.92","246","1","19","25","",""
"1978",2024/3/1 13:47:40,"198","119.84379","31.71898","67.8","79","159","-77.24","3.83","56;171;192;26;70;85;147;180;219","-79.93;-80.43;-81.56;-83.67;-83.76;-85.18;-85.23;-90.33;-119.83","604.43","660.86","580.44","1404","12.85","18.75","238.82","4","127.99","108.89","113.07","600","12.74","19.6","245.51","1","19","25","",""
"1979",2024/3/1 13:47:41,"194","119.84386","31.71885","66.75","79","159","-78.75","1.45","171;56;192;70;26;85;147;180;219","-80.01;-80.64;-80.97;-83.08;-83.30;-84.12;-85.07;-90.98;-122.09","510.13","337.65","471.3","1262","10.73","13.79","238.05","3.33","111.12","96.91","98.64","552","9.34","19.23","246","1","22","25","",""
"1980",2024/3/1 13:47:42,"190","119.84394","31.71871","66.9","79","159","-79.1","1.46","171;192;56;26;70;147;85;180;219","-80.25;-81.39;-81.66;-81.76;-82.69;-85.99;-86.09;-90.87;-122.62","403.85","338.77","358.69","1260","8.34","12.87","241.17","3.15","106.5","95.48","94.99","552","11.37","19.44","246","1","22","25","",""
"1981",2024/3/1 13:47:43,"185","119.84401","31.71856","67.96","79","159","-79.18","0.36","26;171;56;192;70;147;85;180;219","-79.21;-80.17;-80.47;-81.79;-83.40;-84.66;-85.00;-91.30;-119.15","385.25","352.73","355.62","1260","7.78","13.03","241.34","3.41","110.87","98.29","99.25","552","10.09","20.08","246","1","19","25","",""
"1982",2024/3/1 13:47:44,"181","119.84409","31.71843","67.57","79","159","-80.6","-3.01","26;171;56;70;192;85;147;180;219","-77.21;-80.16;-80.70;-82.02;-82.94;-84.58;-84.77;-92.09;-117.87","387.62","363.72","362.33","1259","6.43","16.76","242.48","3.92","111.67","97.96","98.91","552","12.2","19.59","246","1","20","25","",""
"1983",2024/3/1 13:47:45,"177","119.84417","31.71829","67.05","79","159","-81.59","-4.98","26;56;171;70;192;147;219","-76.91;-80.09;-80.48;-81.42;-82.49;-84.97;-121.52","441.01","422.66","418.43","1258","4.58","24.09","243.15","3.25","111.58","98.4","98.78","552","11.15","19.62","246","1","20","25","",""
"1984",2024/3/1 13:47:46,"173","119.84424","31.71816","67.05","79","159","-81.38","-6.14","26;56;171;70;147;192;61;219","-74.59;-79.83;-80.41;-80.63;-83.77;-83.78;-90.03;-124.29","497.85","476.33","471.41","1256","7.76","24.22","240.9","3.07","110.32","95.64","96.98","552","12.02","19.45","246","1","20","25","",""
"1985",2024/3/1 13:47:47,"169","119.84431","31.71802","67.05","79","26","-73.79","10.83","159;56;70;171;192;147;85;61;219","-79.55;-79.78;-80.78;-80.96;-82.70;-83.78;-84.06;-84.57;-116.75","501.81","477.29","468.86","1257","9.31","15.26","238.26","3.72","114.16","98.9","101.17","552","12.18","23.02","245.52","1","19","25","",""
"1986",2024/3/1 13:47:48,"165","119.8444","31.71788","67.2","79","26","-73.43","10.72","171;56;85;61;70;147;159;192;219","-81.01;-82.92;-84.64;-85.15;-85.83;-86.41;-99.92;-103.26;-120.82","520.05","523.31","479.9","1288","9.96","20.21","238.79","3.91","121.84","108.11","109.72","518","7.6","25.44","240.73","1","19","25","",""
"1987",2024/3/1 13:47:49,"161","119.84447","31.71775","66.84","79","26","-70.07","9.89","171;56;85;147;70;61;159;180;192;219","-81.51;-84.06;-86.12;-86.63;-87.14;-89.05;-89.27;-89.56;-97.93;-155.98","546.32","534.62","500.59","1282","10.06","19.57","238.62","3","136.33","125.9","128.58","552","0","26","246","1","15","25","",""
"1988",2024/3/1 13:47:50,"157","119.84455","31.71761","66.98","79","26","-70.47","10.29","171;61;56;180;85;70;147;159;192","-80.95;-80.99;-84.39;-84.80;-85.06;-85.88;-87.09;-90.16;-95.23","609.2","570.02","566.3","1282","6.25","18.31","242.38","3.5","147.53","148.86","144.22","552","0","26","246","1","14","25","",""
"1989",2024/3/1 13:47:51,"153","119.84463","31.71747","66.98","79","26","-70.13","11.31","61;171;56;70;85;180;147","-80.05;-81.38;-85.16;-85.48;-86.21;-86.39;-87.45","639.81","603.54","602.08","1282","7.78","22.52","241.18","3.38","153.19","149.32","149.37","552","7.69","25.95","246","1","12","23","",""
"1990",2024/3/1 13:47:52,"149","119.84471","31.71734","67.13","79","26","-69.12","13.34","61;171;70;56;85;147;180","-79.65;-81.52;-84.55;-84.94;-85.14;-85.82;-105.31","686.66","630.68","641.41","1282","10.62","22.13","239.95","3.5","153.17","140.27","140.87","552","16.57","25.87","246","1","11","22","",""
"1991",2024/3/1 13:47:53,"145","119.84479","31.71721","66.78","79","26","-68.1","16.87","61;171;70;147;56;85;180","-77.46;-81.40;-84.27;-84.66;-85.57;-86.81;-147.93","689.83","627.59","632.46","1286","11.83","17.02","238.97","3.53","152.76","134.87","135.61","552","9.52","26.01","246","1","10","20","",""
"1992",2024/3/1 13:47:54,"141","119.84486","31.71707","66.4","79","26","-70.92","18.8","61;171;56;70;85;180","-78.22;-80.99;-84.66;-86.23;-86.35;-90.88","669.34","597.29","606.77","1288","9.35","18.71","241.89","3.58","153.3","137.52","139.97","552","0.18","26","246","1","10","21","",""
"1993",2024/3/1 13:47:55,"138","119.84494","31.71694","66.4","79","26","-73.16","19.64","61;171;70;147;56;219;180","-77.53;-82.13;-82.63;-82.98;-84.81;-121.56;-148.48","660.51","595.97","601.28","1282","10.84","21.69","241.38","3","147.52","146.11","140.75","552","5.52","23.49","246","1","11","22","",""
"1994",2024/3/1 13:47:56,"134","119.84502","31.71681","67","79","26","-66.47","15.02","61;70;171;180;219;147","-76.41;-79.73;-79.95;-111.19;-119.38;-149.23","649.03","585.47","590.52","1280","8.63","19.5","244.95","3.16","131.21","119.29","125.84","552","10.68","19.06","246","1","5","16","",""
"1995",2024/3/1 13:47:57,"133","119.8451","31.71668","66.76","79","26","-68.24","18.15","61;70;171;147;219","-75.01;-81.84;-82.59;-108.77;-122.69","646.33","595.67","596.19","1284","3.91","20.71","242","3.3","128.97","109.08","115.21","552","16.14","25.49","246","1","14","24","",""
"1996",2024/3/1 13:47:58,"133","119.84517","31.71654","66.2","79","26","-69.82","19.51","61;70;171;219","-75.24;-82.31;-82.41;-122.25","652.97","617.98","618.1","1286","6.47","22.48","241.62","3.58","134.6","113.67","119.13","552","7.07","25.96","246","1","18","25","",""
"1997",2024/3/1 13:47:59,"131","119.84523","31.7164","66.69","79","26","-68.5","14.75","61;70;171;219","-74.57;-81.80;-82.20;-123.35","705.39","683.95","678.15","1282","4.32","24.23","244.18","3.84","152.17","136.27","139.39","552","2.01","26","246","1","14","24","",""
"1998",2024/3/1 13:48:00,"130","119.84531","31.71626","66.69","79","26","-68.82","14.51","61;70;171;147;219","-74.65;-82.34;-82.73;-85.88;-119.12","771.39","733.47","739.24","1284","4.55","26.27","243.08","3.25","153.41","140.8","143.55","552","10.45","26","245.89","1","13","23","",""
"1999",2024/3/1 13:48:01,"129","119.84539","31.71612","66.7","79","26","-68.2","19.97","61;171;70;147;219","-74.20;-83.43;-83.53;-86.71;-119.91","819.96","775.96","785.71","1284","5.65","25.83","244.32","3.84","153.24","141.91","143.18","552","7.48","25.99","246","1","17","25","",""
"2000",2024/3/1 13:48:02,"128","119.84547","31.71598","67.09","79","26","-67.32","19.11","61;171;70;147;219","-73.48;-83.26;-83.59;-86.84;-119.97","839.89","795.51","798.13","1286","4.94","25.94","243.52","4","153.23","138.73","138.51","552","10.64","26","246","1","15","25","",""
"2001",2024/3/1 13:48:03,"127","119.84555","31.71585","67.1","79","26","-72.24","10.6","61;171;70;147;219","-73.99;-82.68;-83.12;-88.69;-120.01","842.31","789.04","800.75","1286","6.48","26.03","243.6","4","153.31","140.83","142.23","552","3.66","26","246","1","18","25","",""
"2002",2024/3/1 13:48:04,"125","119.84563","31.71571","67.25","79","26","-63.99","14.36","61;171;302;70;147;219","-72.45;-82.96;-83.45;-84.69;-88.69;-121.67","807.32","725.07","734.13","1286","16.64","21.57","239.14","4","145.55","131.45","134.53","552","8.56","22.75","246","1","12","22","",""
"2003",2024/3/1 13:48:05,"123","119.8457","31.71558","67.1","79","26","-65.7","14.61","61;70;171;73;219;302","-73.40;-84.59;-84.91;-92.43;-121.15;-154.82","723.52","623.19","637.29","1286","10.37","19.34","241.91","4","145.5","131.49","135.51","552","9.17","25.99","246","1","10","21","",""
"2004",2024/3/1 13:48:06,"121","119.84578","31.71544","66.63","79","26","-66.92","13.01","61;70;73;171;219;97","-74.48;-85.91;-91.08;-95.76;-110.78;-127.46","647.74","569.56","572.88","1284","9.09","19.9","241.21","4","144.6","129.86","130.16","552","12.47","25.7","246","1","12","22","",""
"2005",2024/3/1 13:48:07,"119","119.84586","31.71532","66.3","79","26","-72.49","8.04","61;192;70;171;302;219;97;73","-75.25;-84.41;-86.71;-87.60;-94.19;-114.30;-119.73;-148.52","607.64","551.03","554.38","1286","9.03","18.88","241.61","4","152.75","136.09","136.65","552","10","26","246","1","16","25","",""
"2006",2024/3/1 13:48:08,"118","119.84594","31.71519","66.88","79","26","-70.5","9.4","61;171;70;302;73;219;97;192","-73.37;-80.30;-82.32;-89.66;-94.46;-117.64;-119.73;-154.87","610.18","556.69","560.8","1284","7.86","19.85","244.58","4","152.31","139.56","140.8","552","0.91","26","246","1","15","25","",""
"2007",2024/3/1 13:48:09,"117","119.84604","31.715","68.54","79","26","-68.96","8.94","61;171;70;302;192;73;219;97","-74.84;-80.63;-84.90;-85.35;-86.91;-91.31;-120.52;-155.98","603.92","553.23","555.06","1286","7.71","19.22","241.88","3.92","153.58","141.69","143.69","552","8.9","25.98","246","1","13","24","",""
"2008",2024/3/1 13:48:10,"117","119.84609","31.71491","66.55","79","26","-67.03","9.47","61;171;70;302;73;219","-75.32;-81.75;-83.62;-86.35;-94.73;-119.59","618.41","563.66","568.55","1286","8.39","19.98","243.43","3.16","152.85","139.47","142.22","552","10.82","25.88","246","1","16","25","",""
"2009",2024/3/1 13:48:11,"115","119.84619","31.7148","65.88","79","26","-65.64","9.85","61;171;302;70;56;73;219","-76.05;-80.48;-82.55;-84.82;-85.51;-91.52;-114.69","604.41","550.43","553.19","1284","8.71","19.26","243.53","3","151.31","137.28","136.33","552","9.5","25.26","246","1","19","25","",""
"2010",2024/3/1 13:48:12,"114","119.84628","31.71468","65.34","79","26","-68.24","6.91","61;171;302;70;56;219;73","-74.68;-77.46;-78.91;-85.70;-86.03;-118.78;-119.95","598.69","546.76","552.88","1284","6.82","19.94","242.45","3","149.04","129.85","133.68","552","10.56","25.14","246","1","19","25","",""
"2011",2024/3/1 13:48:13,"113","119.84636","31.71455","64.98","79","26","-74.45","3.19","61;171;302;73;192;70;219","-73.61;-75.92;-77.24;-84.09;-85.50;-87.18;-120.69","595","546.91","547.19","1284","9.51","21.67","244.51","3.69","144.44","129.4","129.63","552","11.29","23.9","246","1","19","25","",""
"2012",2024/3/1 13:48:14,"113","119.84645","31.71441","65.5","79","26","-76.43","-0.17","61;302;171;73;70;192;219;97","-75.36;-78.48;-79.63;-81.11;-84.55;-85.73;-122.19;-130.11","606.3","575.55","576.84","1284","0.31","26.66","245.72","3","139.5","121.67","123.58","552","11.55","23.3","246","1","19","25","",""
"2013",2024/3/1 13:48:15,"111","119.84652","31.71427","65.36","79","26","-79.57","-2.62","171;302;61;73;192;70;56;219;97","-77.25;-77.31;-77.41;-79.39;-84.80;-86.40;-87.75;-119.48;-130.11","616.19","591.12","595.13","1284","1.33","26.69","246.49","3","132.39","116.03","117.62","552","10.21","22.14","246","1","19","25","",""
"2014",2024/3/1 13:48:16,"110","119.8466","31.71414","65.5","79","61","-81.89","-7.79","302;171;73;192;70;26","-76.12;-76.84;-77.57;-85.58;-88.34;-101.41","604.34","604.2","596.24","1284","2.89","25.05","243.02","3","122.68","108.13","109.3","552","10.65","20.51","243.55","1","19","25","",""
"2015",2024/3/1 13:48:17,"110","119.84667","31.714","66.48","79","61","-74.58","1.61","302;171;73;70;192;56;26;219","-74.98;-75.76;-79.17;-86.12;-87.03;-89.41;-101.41;-121.06","508.96","327.4","483.51","1257","11.02","12.24","242.38","3.07","111.46","101.57","99.29","507","10","21.88","237.38","1","19","25","",""
"2016",2024/3/1 13:48:18,"109","119.84675","31.71387","65.72","79","61","-75.06","0.74","302;171;73;192;70;56;219","-73.95;-75.90;-80.32;-85.52;-87.30;-89.41;-118.34","474.98","405.34","437.62","1263","8.09","24.29","241.92","4","104.25","88.15","93.15","499","9.76","21.13","238.62","1","19","25","",""
"2017",2024/3/1 13:48:19,"109","119.84682","31.71373","63.99","79","61","-75.69","0.7","302;171;73;192;70;56;219","-73.22;-76.73;-81.26;-86.34;-87.13;-89.59;-120.34","460.22","430.36","412.07","1259","8.97","22.88","242.49","4","106.43","91.55","95.64","552","9.83","19.68","246","1","19","25","",""
"2018",2024/3/1 13:48:20,"109","119.84691","31.71358","64.34","79","61","-75.9","3.56","302;171;73;192;70;56;219;97","-73.61;-76.57;-81.98;-85.25;-88.18;-92.50;-119.03;-127.59","519.04","468.26","473.53","1259","7.55","23.04","243.85","4","105.65","99.76","95.15","552","9.68","19.55","246","1","19","25","",""
"2019",2024/3/1 13:48:21,"109","119.847","31.71344","66.74","79","61","-76.74","3.8","302;171;73;192;56;219;97;70","-73.16;-75.74;-79.34;-83.95;-89.88;-122.64;-127.59;-134.52","507.49","461.46","463.43","1259","10.64","23.28","240.32","4","110.59","97.92","98.86","552","10.9","19.27","246","1","21","25","",""
"2020",2024/3/1 13:48:22,"108","119.84707","31.71331","66.9","79","61","-75.32","5.34","302;171;73;192;70;219;97","-73.59;-75.24;-78.71;-82.34;-87.55;-121.50;-155.98","514.35","468.06","470.62","1259","9.88","24.04","242.07","4","110.2","96.61","98.02","552","10.64","19.83","246","1","20","25","",""
"2021",2024/3/1 13:48:23,"109","119.84714","31.71317","67.29","79","61","-74.6","7.21","302;171;73;192;219","-73.73;-75.03;-80.23;-82.36;-119.91","516.84","470.08","472.83","1260","8.96","23.55","238.99","4","110.62","97.87","98.28","552","10","19.66","246","1","20","25","",""
"2022",2024/3/1 13:48:24,"109","119.84722","31.71303","67.65","79","61","-73.71","9.01","171;302;73;192;67;219;97","-73.83;-75.30;-79.28;-81.68;-85.12;-117.03;-126.87","520.03","475.93","481.08","1259","7.92","23.92","243.46","4","111.75","98.67","99.48","552","11.62","20.39","246","1","19","25","",""
"2023",2024/3/1 13:48:25,"107","119.8473","31.7129","67.81","79","61","-74","8.33","171;302;73;192;219;97;67","-72.24;-74.60;-82.89;-83.50;-119.24;-124.93;-149.89","522.49","488.14","490.07","1258","6.28","24.14","242.64","4","116.46","103.52","104.26","552","9.28","21.93","246","1","19","25","",""
"2024",2024/3/1 13:48:26,"104","119.84737","31.71276","68.06","79","61","-73.75","9.31","171;302;73;192;219;97","-72.40;-77.98;-82.41;-83.88;-122.11;-124.93","524.1","486.72","491.37","1258","8.75","23.68","240.59","4","121.73","108.38","110.17","552","7.88","22.65","246","1","19","25","",""
"2025",2024/3/1 13:48:27,"99","119.84745","31.71262","67.5","79","61","-74.1","6.96","171;302;73;192;219;97","-72.05;-78.64;-82.91;-84.08;-121.60;-155.98","522.71","489.15","491.32","1262","7.06","23.6","243.63","4","126.71","114.87","114.96","552","9.81","22.45","246","1","19","25","",""
"2026",2024/3/1 13:48:28,"96","119.84751","31.71248","67.37","79","61","-76.22","5.27","171;302;73;219;97","-74.55;-80.01;-81.32;-120.77;-126.56","516.35","475.95","481.47","1260","8.31","23.35","240.95","4","125.12","111.9","113.32","552","9.48","21.3","246","1","19","25","",""
"2027",2024/3/1 13:48:29,"96","119.84759","31.71234","68.46","79","61","-76.21","3.18","171;302;73;219;97","-75.11;-76.46;-81.14;-118.12;-127.17","513.37","476.19","479.55","1258","7.23","23.19","242.6","4","122.09","107.17","109.06","552","11.27","20.83","246","1","19","25","",""
"2028",2024/3/1 13:48:30,"95","119.84766","31.7122","67.73","79","61","-77.92","0.45","302;171;73;192;219;97","-72.38;-72.66;-80.97;-114.21;-116.43;-123.70","506.59","458.28","466.04","1259","11.6","21.97","243.57","3.66","115.74","102.41","103.62","552","9.7","19.23","246","1","22","25","",""
"2029",2024/3/1 13:48:31,"95","119.84774","31.71206","67.58","79","302","-72.55","6.33","171;61;73;192","-71.39;-79.01;-80.60;-95.55","475.21","458.28","420.16","1257","14.77","15","240.26","3.91","121.47","108.1","110.61","552","7.64","25.07","244.81","1","19","20","",""
"2030",2024/3/1 13:48:32,"92","119.84782","31.71193","66.7","79","302","-68.74","11.48","171;61;73;192","-73.34;-79.63;-83.36;-155.41","523.69","507.95","463.1","1405","9.12","19.67","237.66","3.08","130.87","117.42","120.48","543","8.58","25.94","239.45","1","13","11","",""
"2031",2024/3/1 13:48:33,"88","119.84786","31.71183","65.21","79","302","-66.55","19.14","171;61;73;192","-71.23;-80.53;-82.13;-111.83","579.55","541.91","523.32","1403","8.27","19.34","239.81","3","150.18","137.6","140.66","600","5.35","25.98","246","1","11","9","",""
"2032",2024/3/1 13:48:34,"84","119.8479","31.71176","62.21","79","302","-63.02","17.72","171;73;61","-62.06;-83.36;-96.52","659.73","595.44","603.73","1402","10.83","19.66","240.26","3","158.39","142.39","142.81","600","16.47","25.45","246","1","9","7","",""
"2033",2024/3/1 13:48:35,"80","119.84791","31.71173","57.24","79","302","-62.25","12.48","171;73;61","-63.51;-81.53;-139.83","651.51","591.3","594.6","1402","9.7","18.99","240.6","3","164.81","149.17","150.56","600","5.02","25.8","246","1","10","8","",""
"2034",2024/3/1 13:48:36,"75","119.84792","31.71172","51.89","79","302","-64.71","9.44","171;73;61","-65.33;-81.95;-92.77","655.85","587.58","591.43","1403","9.76","19.34","241.88","3.16","163.69","148.37","149.79","600","3.83","25.64","246","1","11","9","",""
"2035",2024/3/1 13:48:37,"71","119.84792","31.71171","44.39","79","302","-68.46","4.45","171;73;61","-70.18;-74.94;-112.16","645.64","583.6","589","1404","8.7","18.79","239.83","3","166.12","158.08","160.71","600","0","26.33","246","1","13","11","",""
"2036",2024/3/1 13:48:38,"67","119.84793","31.71171","38.14","79","302","-77.88","0","73;171;61","-74.43;-81.54;-87.27","640.08","573.75","582.7","1401","10","18.74","240.4","3.33","166.42","160.84","159.62","600","7.52","25.88","246","1","15","13","",""
"2037",2024/3/1 13:48:39,"63","119.84795","31.71171","35.01","79","302","-79.27","0.11","171;73;61;192;67;56","-68.53;-79.13;-80.65;-81.77;-85.18;-153.05","633.36","576.88","580.95","1402","8.36","18.81","241.85","3.07","160.92","152.46","150.49","600","12.94","22.65","246","1","15","13","",""
"2038",2024/3/1 13:48:40,"59","119.848","31.7117","27.1","79","302","-69.52","7.17","171;61;73;192;67;56","-68.48;-87.70;-96.00;-107.64;-147.05;-154.95","638.51","590.88","590.04","1406","4.98","24.05","241.38","3.25","148.34","126.36","132.02","600","12.2","22.18","245.65","1","16","14","",""
"2039",2024/3/1 13:48:41,"55","119.84805","31.71169","26.17","79","302","-67.86","8.34","171;61;73;67;70;192","-69.73;-84.29;-101.21;-135.40;-147.28;-149.42","656.5","624.16","627.24","1406","0.49","26.84","244.02","3","146.69","128.09","128.97","600","10.16","25.21","246","1","18","16","",""
"2040",2024/3/1 13:48:42,"51","119.84807","31.71169","20.61","79","302","-71.36","3.82","171;61;73;67;192;70","-69.14;-82.43;-116.05;-135.40;-149.42;-154.91","666.59","646.81","652.77","1404","1.92","26.65","245.27","3","145.88","135.3","128.75","600","11.55","23.04","246","1","19","22","",""
"2041",2024/3/1 13:48:43,"47","119.84808","31.71168","15.26","79","171","-75.12","3.02","302;61;85","-76.77;-79.61;-81.30","653.99","656.37","643.32","1406","1.94","24.84","239.22","3.08","144.66","125.92","128.49","600","11.5","22.28","245.56","1","19","23","",""
"2042",2024/3/1 13:48:44,"43","119.84811","31.71168","12.05","79","171","-70.55","7.89","302;85;61;73","-75.02;-82.09;-82.66;-147.30","603.82","656.37","558.85","1397","18.89","22.24","241.55","2.84","139.03","119.61","121.96","597","13.13","23.42","246","1","19","24","",""
"2043",2024/3/1 13:48:45,"39","119.84812","31.71168","8.91","79","171","-69.46","9.28","302;61;73","-74.46;-83.46;-155.99","603.26","570.2","562.66","1406","0.42","26.92","244.77","2.41","142.23","124.73","125.71","600","10.05","24.41","246","1","19","18","",""
"2044",2024/3/1 13:48:46,"35","119.84814","31.71167","8.81","79","171","-68.64","10.59","302;61;192;70;73","-74.43;-80.50;-91.87;-132.93;-156.00","645.85","595.58","621.29","1404","6.2","22.59","239.33","2.84","153.67","132.42","136.28","600","10","25.53","246","1","19","17","",""
"2045",2024/3/1 13:48:47,"32","119.84813","31.71168","8.81","79","171","-70.35","7.59","302;61;67;192;70","-76.65;-80.21;-84.37;-86.20;-132.68","696.96","649.16","655.31","1402","12.4","21.64","239.7","3","158.18","139.16","139.89","600","13.71","24.64","246","1","19","19","",""
"2046",2024/3/1 13:48:48,"31","119.84813","31.71168","8.41","79","171","-70.32","8.55","302;61;67;192;70","-73.53;-77.13;-81.60;-84.10;-105.55","698.25","628.7","632.31","1404","10.57","20.2","239.62","3.15","158.83","139.25","140.19","600","10.66","24.82","246","1","19","18","",""
"2047",2024/3/1 13:48:49,"28","119.84815","31.71167","8.86","79","171","-71.57","9.47","302;61;192;73;67","-76.02;-79.22;-91.20;-105.23;-132.09","699.17","630.79","631.32","1402","7.41","20.62","243.55","3.08","156.11","135.44","136.96","600","11.39","24.44","246","1","19","18","",""
"2048",2024/3/1 13:48:50,"25","119.84817","31.71167","8.87","79","171","-73.13","7.13","302;61;192;73;67","-77.90;-84.24;-90.95;-101.09;-138.76","711.28","658.58","654.04","1404","8.41","21.59","241.97","3.23","156.54","137.85","139.61","600","9.21","25.08","246","1","19","19","",""
"2049",2024/3/1 13:48:51,"23","119.84819","31.71166","7.9","79","171","-73.93","7.82","302;192;67;73;61","-77.84;-90.71;-104.09;-130.20;-134.20","769.8","692.41","701.2","1404","10.36","23.9","241.35","3.41","158.74","140.56","141.48","600","11.55","25.58","246","1","19","17","",""
"2050",2024/3/1 13:48:52,"21","119.8482","31.71166","6.45","79","171","-77.35","6.33","302;73;61","-79.91;-146.84;-148.27","774.91","689.78","697.37","1406","9.47","21.14","240.23","3","161.63","142.81","143.99","600","11.55","25.58","245.92","1","19","18","",""
"2051",2024/3/1 13:48:53,"20","119.8482","31.71166","5.87","79","171","-81.39","3.21","302;73","-81.18;-84.07","788.47","711.55","714.99","1404","6.47","23.56","242.75","3","162.62","142.72","143.91","600","11","25.35","245.98","1","19","19","",""
"2052",2024/3/1 13:48:54,"19","119.8482","31.71166","5.28","79","171","-82.34","3.8","302;73","-82.85;-89.43","808.78","747.68","748.71","1402","6.63","25.08","243.7","3","160.32","141.84","142.74","600","9.88","24.55","246","1","19","18","",""
"2053",2024/3/1 13:48:55,"18","119.8482","31.71167","4.8","79","171","-82.66","2.86","302;73","-80.13;-92.13","880.72","824.43","832.6","1404","2.85","26.45","244.1","3","158.53","139.69","141.46","600","10.38","25.01","246","1","19","18","",""
"2054",2024/3/1 13:48:56,"16","119.84821","31.71167","4.3","79","171","-85.08","1.16","302;73","-80.59;-84.56","921.99","883.66","892.09","1402","0.78","26.97","245.62","3","156.84","138.89","139.73","600","11.7","24.73","246","1","19","19","",""
"2055",2024/3/1 13:48:57,"15","119.84821","31.71167","3.87","79","171","-78.35","5.86","302;73","-79.66;-131.95","941.96","924.96","927.57","1400","1","26.99","244.17","3.08","153.91","133.32","135.29","600","13.68","23.45","246","1","19","17","",""
"2056",2024/3/1 13:48:58,"15","119.84823","31.71166","4.59","79","171","-80.75","6.13","302;73","-78.96;-93.23","962.18","930.51","936.16","1402","5.42","24.55","243.31","3.46","151.19","129.5","129.86","600","16.88","23.55","246","1","19","20","",""
"2057",2024/3/1 13:48:59,"14","119.84823","31.71166","3.71","79","171","-80.1","5.37","302;73","-79.77;-100.97","968.66","904.77","912.02","1402","9.69","24.83","241.18","3.08","145.95","122.72","122.59","600","16.69","22.8","246","1","19","20","",""
"2058",2024/3/1 13:49:00,"13","119.84823","31.71166","3.34","79","171","-79.56","8.68","302;73","-79.69;-88.77","961.77","877.57","880.97","1406","6.98","26.31","241.36","3","144.93","115.37","119.16","600","18.76","22.98","246","1","19","19","",""
"2059",2024/3/1 13:49:01,"13","119.84824","31.71166","2.46","79","171","-80.47","4.94","302;73","-80.81;-93.00","934.5","852.26","854.43","1404","7.7","26.35","242.74","3","144.33","119.74","119.76","600","14.57","23.43","246","1","19","18","",""
"2060",2024/3/1 13:49:02,"13","119.84824","31.71166","2.08","79","171","-78.89","6.74","302;73","-78.53;-88.80","926.57","842.55","850.76","1406","8.25","26.07","240.54","3","146.75","123.38","123.89","600","12.56","23.72","246","1","19","19","",""
"2061",2024/3/1 13:49:03,"13","119.84824","31.71166","1.87","79","171","-78.63","4.86","302;73","-79.31;-90.09","926.96","846.27","852.46","1406","7.12","24.52","244.49","3","152.77","135","134.11","600","10.03","25.32","246","1","19","18","",""
"2062",2024/3/1 13:49:04,"13","119.84824","31.71166","2.08","79","171","-79.4","7.89","302;73","-79.41;-87.39","920.57","833.6","840.52","1404","9.33","25.17","243.18","3","151.82","132.13","133.9","600","13.23","23.31","246","1","19","20","",""
"2063",2024/3/1 13:49:05,"13","119.84824","31.71166","1.87","79","171","-78.91","6.82","302;73","-78.94;-134.38","901.84","818.13","825.74","1406","8.25","24.65","241.51","3","152.83","131.7","133","600","16.22","23.98","246","1","19","18","",""
"2064",2024/3/1 13:49:06,"13","119.84824","31.71166","1.47","79","171","-78.91","3.49","302;73","-80.73;-115.73","870.1","791.98","791.25","1408","7.75","23.32","240.14","3","147.25","124.81","124.81","600","15.85","23","246","1","19","19","",""
"2065",2024/3/1 13:49:07,"13","119.84824","31.71165","1.53","79","171","-81.34","4.21","302;82","-83.15;-106.97","879.07","810.18","813.68","1406","4.92","26.08","244.24","3","140.46","119.94","120.31","600","9.21","20.39","246","1","19","20","",""
"2066",2024/3/1 13:49:08,"13","119.84824","31.71165","1.53","79","171","-80.48","4.91","302;73;82","-82.38;-101.49;-116.31","902.11","852.88","852.82","1408","3.62","26.5","241.62","3","131.92","110.97","115.03","600","12.02","20.31","246","1","19","21","",""
"2067",2024/3/1 13:49:09,"13","119.84824","31.71165","0.74","79","171","-81.43","4.38","302;73;82","-81.81;-100.24;-153.89","968.89","915.05","914.62","1406","6.57","23.1","243.83","3","125.64","110.73","112.12","600","10.05","20.74","246","1","19","20","",""
"2068",2024/3/1 13:49:10,"13","119.84823","31.71165","1.2","79","171","-81.25","4.67","302;73;82","-82.82;-100.44;-154.09","1034.38","963.24","968.84","1404","7.31","23.61","243.6","3","125.72","110.1","111.46","600","11.55","20.5","246","1","19","20","",""
"2069",2024/3/1 13:49:11,"13","119.84824","31.71165","1.42","79","171","-81.22","4.91","302;73;82","-81.28;-102.23;-155.32","1088.84","990.97","1001.93","1402","8.04","23.5","243.5","3","126.57","110.56","111.88","600","12.68","20.84","246","1","19","20","",""
"2070",2024/3/1 13:49:12,"13","119.84824","31.71165","1.08","79","171","-81.23","4.57","302;73","-81.82;-97.43","1093.26","989.76","997.84","1404","8.76","23.16","241.38","3","127.53","109.84","111.69","600","12.68","21.16","246","1","19","20","",""
"2071",2024/3/1 13:49:13,"13","119.84824","31.71165","1.2","79","171","-81.44","3.79","302;73","-86.70;-101.34","1065.57","952.77","956.22","1404","10.98","23.23","243.13","3","129.77","111.87","112.2","600","14.4","21.48","246","1","19","20","",""
"2072",2024/3/1 13:49:14,"13","119.84824","31.71165","1.08","79","171","-81.64","4.15","302;73","-82.45;-102.55","1007.59","904.3","910.2","1404","6.91","25.01","243.82","3","130.7","111.35","112.63","600","13.23","21.35","245.83","1","19","20","",""
"2073",2024/3/1 13:49:15,"13","119.84824","31.71165","1.2","79","171","-80.92","4.99","302;73","-81.84;-97.89","950.26","861.72","862.84","1404","7.19","26.17","240.54","3","131.04","111.54","111.71","600","14.9","21.18","246","1","19","19","",""
"2074",2024/3/1 13:49:16,"13","119.84824","31.71165","1.2","79","171","-81.43","4.32","302;73","-82.34;-99.14","940.36","875.44","876.59","1404","5.27","22.99","244.03","3","128.62","109.96","111.2","600","10.88","20.35","246","1","19","20","",""
"2075",2024/3/1 13:49:17,"13","119.84824","31.71165","0.75","79","171","-81.53","5.92","302;73","-81.94;-98.20","991.68","922.45","922.05","1406","8.08","23","241.61","3","129.13","112.1","112.57","600","11.33","21.49","246","1","19","20","",""
"2076",2024/3/1 13:49:18,"13","119.84824","31.71165","0.75","79","171","-80.81","5.92","302;73","-82.98;-100.92","1040.68","964.94","964.68","1408","8.12","23.08","241.41","3","130.71","114.17","116.41","600","10.01","22.04","246","1","19","20","",""
"2077",2024/3/1 13:49:19,"13","119.84824","31.71165","0.75","79","171","-80.73","6.1","302;73","-82.16;-98.16","1071.08","971.45","977.87","1402","8.71","23.27","243.74","3","134.53","118.81","119.9","600","10.86","22.08","246","1","19","20","",""
"2078",2024/3/1 13:49:20,"13","119.84824","31.71165","0.37","79","171","-80.53","6.7","302;73","-81.71;-99.09","1086.09","985.94","990.83","1400","7.71","23.5","244.96","3","134.88","119.68","120.43","600","10.86","21.59","246","1","19","20","",""
"2079",2024/3/1 13:49:21,"13","119.84824","31.71165","0","79","171","-81.29","7.24","302;73","-83.27;-98.75","1087.27","987.59","992.58","1402","6.84","24.26","243.76","3","132.43","116.49","118.19","600","10.18","21.01","246","1","19","20","",""
"2080",2024/3/1 13:49:22,"13","119.84824","31.71165","0","79","171","-81.5","6.51","302;73","-82.23;-98.84","1082.89","976.33","984.11","1404","10.25","23.13","242.62","3","130.57","114.91","116.54","600","10.01","21.29","246","1","19","20","",""
"2081",2024/3/1 13:49:23,"13","119.84824","31.71165","0","79","171","-81.59","6.16","302;73","-80.43;-98.97","1052.94","954.88","960.74","1404","7.99","22.87","243.73","3","128.44","113.1","113.78","600","12.89","20.5","246","1","19","20","",""
"2082",2024/3/1 13:49:24,"13","119.84824","31.71165","0","79","171","-81.75","4.94","302;73","-81.38;-98.95","1026.98","944.87","946.25","1404","5.27","22.33","240.61","3","129.3","113.69","115.42","600","8.18","21.38","246","1","19","18","",""
"2083",2024/3/1 13:49:25,"13","119.84824","31.71165","0","79","171","-81.57","4.73","302;73","-83.43;-98.23","1033.78","953.7","960.36","1402","8.34","23.21","242.83","3","132.17","116.11","117.41","600","11.2","22.43","246","1","19","17","",""
"2084",2024/3/1 13:49:26,"13","119.84824","31.71165","0","79","171","-80.91","5.23","302;73","-81.60;-97.27","1054.2","967.61","979.12","1406","8.33","23.06","242.2","3","136.5","123.47","122.28","600","10.72","22.48","246","1","19","18","",""
"2085",2024/3/1 13:49:27,"13","119.84824","31.71165","0","79","171","-80.92","5.1","302;73","-83.02;-97.99","1071.78","966.85","978.64","1406","8.83","23.26","241.75","3","138.51","122.37","123.22","600","10.53","22.32","246","1","19","18","",""
"2086",2024/3/1 13:49:28,"13","119.84824","31.71165","0","79","171","-81.32","5.52","302;73","-80.88;-98.40","1053.3","952.78","958.47","1406","7.83","23.11","241.1","3","137.2","119.39","121.55","600","12.56","21.86","246","1","19","18","",""
"2087",2024/3/1 13:49:29,"13","119.84824","31.71165","0","79","171","-81.12","5.55","302;73","-78.79;-96.54","1049.49","948.51","954.34","1404","8.84","22.7","244.02","3","136.39","119.66","120.65","600","11.72","22.17","246","1","19","18","",""
"2088",2024/3/1 13:49:30,"13","119.84824","31.71165","0","79","171","-80.23","3.79","302;73","-80.43;-97.14","1024.8","926.66","931.27","1406","7.05","23.21","242.8","3","136.18","117.89","119.67","600","12.2","22.13","246","1","19","19","",""
"2089",2024/3/1 13:49:31,"13","119.84824","31.71165","0","79","171","-80.22","4.05","302;73","-79.39;-97.64","1026.36","931.73","940.04","1404","8.05","22.56","242.89","3","139.14","120.66","123.1","600","10.21","23.07","246","1","19","19","",""
"2090",2024/3/1 13:49:32,"13","119.84824","31.71165","0","79","171","-80.9","4.39","302;73","-79.95;-97.06","1025.64","932.22","939.19","1404","7.7","22.51","244.92","3","135.51","119.95","118.55","600","14.57","20.31","246","1","19","20","",""
"2091",2024/3/1 13:49:33,"13","119.84824","31.71165","0","79","171","-81.03","4.58","302;73","-78.66;-95.50","1047.88","940.49","948.03","1404","9.12","22.3","243.82","3","131.73","112.95","116.5","600","9.21","20.51","246","1","19","21","",""
"2092",2024/3/1 13:49:34,"13","119.84824","31.71165","0","79","171","-79.21","5.01","302;73","-78.16;-97.16","1037.35","933.72","939.08","1404","8.4","22.36","241.9","3","126.22","109.25","110.72","600","11.72","20.56","246","1","19","20","",""
"2093",2024/3/1 13:49:35,"13","119.84824","31.71165","0","79","171","-81.93","5.73","302;73","-82.84;-96.20","1034.48","926.55","936.59","1404","9.66","22.14","244.85","3","123.67","109.15","110.42","600","9.54","19.29","246","1","22","22","",""
"2094",2024/3/1 13:49:36,"13","119.84824","31.71165","0","79","171","-81.5","9.95","302;73","-82.66;-93.44","1020.42","918.63","926.46","1404","7.76","21.51","242.21","3","121.23","105.47","107.89","600","10.85","19.23","246","1","22","25","",""
"2095",2024/3/1 13:49:37,"13","119.84824","31.71165","0","79","171","-79.67","8.83","302;73","-82.15;-95.80","1028.17","938.13","939.21","1406","6.33","22.93","243.51","3","117.75","105.42","105.94","600","9.51","19.28","246","1","22","21","",""
"2096",2024/3/1 13:49:38,"13","119.84824","31.71165","0","79","171","-80.47","8.49","302;73","-80.52;-98.39","1041.86","950.72","960.47","1404","8.73","23.13","242.58","3","121.14","107.76","109.27","600","9.76","21.03","246","1","19","19","",""
"2097",2024/3/1 13:49:39,"13","119.84824","31.71165","0","79","171","-78.7","9.67","302;73","-80.02;-97.97","1070.21","972.3","982.87","1408","8.47","23.07","242.35","3","130.87","118.78","117.78","600","10.7","23.54","246","1","19","18","",""
"2098",2024/3/1 13:49:40,"13","119.84824","31.71165","0","79","171","-80.21","12.22","302;73","-82.29;-94.80","1071.43","972.79","978.56","1406","7.58","23.16","243.47","3","140.38","128.18","126.04","600","10","23.24","246","1","19","20","",""
"2099",2024/3/1 13:49:41,"13","119.84824","31.71165","0","79","171","-81.57","9.46","302;73","-81.95;-96.54","1065.27","965.74","973.36","1406","9.14","22.71","240.8","3","143.83","127.83","128.65","600","10.83","22.37","246","1","19","20","",""
"2100",2024/3/1 13:49:42,"13","119.84824","31.71165","0","79","171","-81.6","10.35","302;73","-76.88;-110.47","1052.88","954.21","960.9","1404","8.1","22.26","244.23","3","141","124.4","126.14","600","12.5","22.56","246","1","19","19","",""
"2101",2024/3/1 13:49:43,"13","119.84824","31.71165","0","79","302","-77.93","24.04","171;73","-81.29;-94.19","939.79","756.44","861.24","1402","4.06","19.74","242.14","3","130.02","114.82","113.22","600","18.72","19.94","245.56","1","19","25","",""
"2102",2024/3/1 13:49:44,"13","119.84824","31.71165","0","79","302","-77.31","24.63","171;73","-79.74;-93.89","889.06","712.14","818.89","1406","9.04","25.24","243.34","3","120.86","101.78","102.26","600","16.41","18.95","246","1","22","25","",""
"2103",2024/3/1 13:49:45,"13","119.84824","31.71165","0","79","302","-76.18","25.29","171","-80.13","836","812.6","773.22","1404","8.2","25.21","242.26","3","117.23","99.61","99.29","600","11.83","20.76","246","1","19","25","",""
"2104",2024/3/1 13:49:46,"13","119.84824","31.71165","0","79","302","-75.97","25.81","171","-79.77","892.51","824.7","826.54","1406","5.12","25.34","242.96","3","122.35","107.72","106.28","600","11.68","21.07","246","1","19","25","",""
"2105",2024/3/1 13:49:47,"13","119.84824","31.71165","0","79","302","-80.96","22.85","171;73","-81.16;-96.00","900.23","834.21","839.97","1408","7.54","25.83","242.18","3","125.25","109.15","109.78","600","12.89","19.42","246","1","22","25","",""
"2106",2024/3/1 13:49:48,"13","119.84824","31.71165","0","79","302","-83","22.54","171;73","-81.54;-94.47","913.29","838.99","847.26","1404","7.62","25.99","243.8","3","121.17","103.99","106.07","600","12.35","19.14","246","1","22","25","",""
"2107",2024/3/1 13:49:49,"13","119.84824","31.71165","0","79","302","-79.75","23.82","171;73","-78.91;-95.25","921.64","832.93","842.04","1406","9.45","23.87","241.77","3","120.59","104.94","105.44","600","10.53","20.67","246","1","19","25","",""
"2108",2024/3/1 13:49:50,"13","119.84824","31.71165","0","79","302","-77.21","25.54","171;73","-75.79;-94.95","928.42","839.24","841.48","1406","8.81","20.72","241.85","3","123.34","106.86","108.39","600","11.39","20.94","246","1","19","25","",""
"2109",2024/3/1 13:49:51,"13","119.84824","31.71165","0","79","302","-75.63","22.66","171","-81.30","920.84","818.61","828.25","1404","9.93","23.45","244.63","3","134.61","115.64","116.69","600","14.74","23.96","246","1","15","25","",""
"2110",2024/3/1 13:49:52,"13","119.84824","31.71165","0","79","302","-84.14","22.19","171","-84.88","902.56","796.35","809.3","1404","9.61","24.24","242.35","3","138.74","118.2","118.5","600","17.05","21.79","246","1","19","25","",""
"2111",2024/3/1 13:49:53,"13","119.84824","31.71165","0","79","302","-83.36","13.74","171;73;82","-93.87;-95.71;-100.58","825.12","676.72","693.04","1404","29.34","21.03","237.2","3","130.39","109.05","108.01","600","20.73","18.5","246","1","22","25","",""
"2112",2024/3/1 13:49:54,"13","119.84824","31.71165","0","79","302","-86.05","21.39","171;73;82","-89.98;-118.35;-155.91","704","572.56","570.68","1395","14.83","17.84","240.97","3","111.14","92.59","92.02","600","11.78","18.26","243.29","1","23","25","",""
"2113",2024/3/1 13:49:55,"13","119.84824","31.71165","0","79","302","-84.42","18.38","171;73;82","-85.23;-99.23;-156.00","678.56","556.94","556.53","1404","7.91","22.37","243.34","3","105.02","85.92","87.36","600","14.9","21.07","243","1","21","25","",""
"2114",2024/3/1 13:49:56,"13","119.84824","31.71166","0.4","79","302","-81.15","17.69","171;73","-78.88;-92.13","735.54","700.52","688.34","1404","6.23","23.51","243.39","3","116.88","95.33","98.5","600","17.08","23.9","244.13","1","20","25","",""
"2115",2024/3/1 13:49:57,"12","119.84824","31.71167","0.89","79","302","-82.39","14.25","171;73","-77.77;-94.04","831.13","761.98","770.15","1406","7.44","25.03","243.16","3","135.45","113.74","113.21","600","16.16","23.5","246","1","19","25","",""
"2116",2024/3/1 13:49:58,"11","119.84826","31.71167","1.64","79","302","-84.49","14.8","171;73;180","-86.84;-93.18;-97.08","775.65","689.98","720.86","1408","7.05","22.76","193.61","3","138.01","115.75","115.54","600","16","20.48","246","1","22","25","",""
"2117",2024/3/1 13:49:59,"10","119.84826","31.71168","2.09","79","302","-81.5","17.55","171;73;180","-87.56;-107.59;-155.45","506.43","442.95","467.99","1090","6.28","13.48","1.93","3","139.45","116.34","118.28","600","13.23","22.83","246","1","19","25","",""
"2118",2024/3/1 13:50:00,"10","119.84827","31.71167","2.41","79","302","-85.28","14.5","171;73;180","-87.26;-105.88;-155.45","210.17","187.6","194.97","630","0.42","8.41","1.7","3","96.91","78.14","82.16","600","9.87","20.16","137.91","1","9","25","",""
"2119",2024/3/1 13:50:01,"9","119.84827","31.71167","2.67","79","302","-93.05","19.41","171;73","-90.23;-99.76","0.81","0.54","0.57","132","0","1.3","2.2","2.44","74.06","56.13","63.44","55","9.09","19","3","1","15","25","",""
